-2.003554441034793854e-02 5.363396182656288147e-02 -8.581707626581192017e-02 2.537111379206180573e-02 5.819400027394294739e-02 -7.692853361368179321e-02 -9.038140997290611267e-03 -5.752794444561004639e-02 1.107942406088113785e-02 2.244298718869686127e-02
4.768864437937736511e-02 -8.941746503114700317e-02 -5.484778434038162231e-02 -8.460601419210433960e-02 -4.738110676407814026e-02 -1.551821641623973846e-02 2.665887121111154556e-03 -4.706888273358345032e-02 7.738103717565536499e-02 3.382656350731849670e-02
1.304083503782749176e-02 -2.572419121861457825e-02 -6.168048456311225891e-02 4.906248301267623901e-02 3.632199391722679138e-02 -3.718799725174903870e-02 5.882938206195831299e-02 -5.120526999235153198e-02 -1.035766303539276123e-02 -2.482600510120391846e-02
-9.561158716678619385e-03 4.173147678375244141e-02 -8.000852167606353760e-02 4.881393909454345703e-02 -6.052132695913314819e-02 -9.446544200181961060e-02 -6.268650293350219727e-02 3.205993771553039551e-02 6.292392313480377197e-02 -4.896320402622222900e-02
-7.438265532255172729e-02 -5.184086784720420837e-02 4.965635389089584351e-02 4.427747428417205811e-02 -1.617163233458995819e-02 -1.555193495005369186e-02 8.752371184527873993e-03 -8.111896365880966187e-02 4.287564754486083984e-02 1.267426740378141403e-02
1.600570231676101685e-02 -4.246189817786216736e-02 -9.032146632671356201e-02 -3.240376710891723633e-02 -6.536898761987686157e-02 -3.153583407402038574e-02 -2.072176337242126465e-02 -8.802138268947601318e-02 2.283692359924316406e-02 8.368219435214996338e-02
-8.464791625738143921e-02 4.037119448184967041e-02 -3.957812860608100891e-02 -1.448305696249008179e-02 9.228646755218505859e-03 -6.600583344697952271e-02 3.845843672752380371e-02 -7.865593582391738892e-02 2.489443123340606689e-02 -8.373928070068359375e-02
-3.843917325139045715e-02 -7.377173006534576416e-02 1.056551933288574219e-02 4.952378943562507629e-02 3.679212555289268494e-02 9.571646340191364288e-03 -9.231238067150115967e-02 -5.818877369165420532e-02 2.925623022019863129e-02 4.101404175162315369e-02
4.716535657644271851e-02 4.243200272321701050e-02 -3.420435264706611633e-02 -1.034266278147697449e-01 7.962362840771675110e-03 5.284383427351713181e-03 7.276913151144981384e-03 -8.080790191888809204e-02 1.252649538218975067e-02 -8.737863041460514069e-03
-3.437158837914466858e-02 6.207147985696792603e-02 -1.071738004684448242e-01 9.989187121391296387e-03 6.766549777239561081e-03 -4.909887164831161499e-02 -9.739102423191070557e-02 4.103299975395202637e-02 6.955880671739578247e-02 -9.284510277211666107e-03
6.887146830558776855e-02 -8.335082978010177612e-02 8.968304097652435303e-02 -9.018804132938385010e-02 9.551244974136352539e-02 -2.486216276884078979e-02 -4.271849989891052246e-02 -9.094965457916259766e-02 -9.307893365621566772e-02 -8.120231330394744873e-02
-5.233591794967651367e-02 -8.354391157627105713e-02 2.812195941805839539e-02 2.919141948223114014e-02 2.442213520407676697e-02 8.320941589772701263e-03 -6.082755699753761292e-02 3.975512087345123291e-02 -7.068570703268051147e-02 3.248961642384529114e-02
5.897260457277297974e-02 4.656824469566345215e-02 -5.987041816115379333e-02 -7.715429365634918213e-02 3.986954316496849060e-02 -9.706263989210128784e-02 -7.922553271055221558e-02 -2.111961366608738899e-03 8.159228414297103882e-02 -8.098955452442169189e-02
5.113513674587011337e-03 -3.603252395987510681e-02 -6.972144544124603271e-02 6.564766913652420044e-02 -3.506352379918098450e-02 -8.847506344318389893e-02 7.805100083351135254e-02 7.166073471307754517e-02 -7.542373985052108765e-02 -5.902959965169429779e-03
-3.697587549686431885e-02 -3.503815084695816040e-02 7.253741379827260971e-03 4.857468232512474060e-02 2.000130899250507355e-02 -8.217301219701766968e-03 -1.115531427785754204e-03 -1.010932028293609619e-01 4.143437743186950684e-02 -2.765490114688873291e-02
7.370904833078384399e-02 -1.021743193268775940e-01 7.994185388088226318e-02 -5.057350173592567444e-02 3.114009834825992584e-02 -6.640417128801345825e-02 -6.766199320554733276e-02 -5.269090086221694946e-02 -2.253416180610656738e-02 6.792324036359786987e-02
-2.521444484591484070e-02 -4.101362079381942749e-02 -8.343733847141265869e-02 -5.989801883697509766e-02 -4.192204773426055908e-02 -2.855735085904598236e-02 3.529582172632217407e-02 8.841237425804138184e-02 7.571244239807128906e-02 1.138180419802665710e-01
-2.169085107743740082e-02 -6.381428986787796021e-02 -4.550704360008239746e-02 1.922538876533508301e-02 1.844254322350025177e-02 1.387346629053354263e-02 3.801357746124267578e-02 -7.073029130697250366e-02 6.803684867918491364e-03 1.167511288076639175e-02
2.510934770107269287e-01 1.977905035018920898e-01 -3.319379687309265137e-02 9.946016594767570496e-03 -1.759542673826217651e-01 -1.925092786550521851e-01 -1.287816166877746582e-01 -2.685907483100891113e-01 -1.112877056002616882e-01 -3.085693344473838806e-02
-4.887900128960609436e-02 3.048561513423919678e-02 1.837686449289321899e-02 4.720588028430938721e-02 -6.300616264343261719e-02 -3.047961741685867310e-02 -3.326147794723510742e-02 -3.433081880211830139e-02 3.056347370147705078e-03 -9.420437365770339966e-02
-7.378239929676055908e-02 5.955223366618156433e-02 6.424956023693084717e-02 4.287209734320640564e-02 4.911888763308525085e-02 -4.874994605779647827e-02 -5.796935409307479858e-02 -5.069701001048088074e-02 -1.129764541983604431e-01 -1.040056720376014709e-01
-1.603240519762039185e-02 -1.318685710430145264e-03 -7.808691263198852539e-02 6.309118866920471191e-02 -6.555089354515075684e-02 3.502257168292999268e-02 -7.239162176847457886e-02 7.357160747051239014e-02 -1.580091565847396851e-02 -1.379682123661041260e-02
-1.516697555780410767e-02 -6.872192770242691040e-02 -6.430017203092575073e-02 -4.476081952452659607e-02 -9.062357991933822632e-02 -9.360003471374511719e-02 7.986128330230712891e-03 -6.744516640901565552e-02 -2.357859164476394653e-02 -6.485709547996520996e-02
2.359640598297119141e-02 -3.196626529097557068e-02 4.412461444735527039e-02 -2.993233129382133484e-02 1.148076076060533524e-02 -8.415036834776401520e-03 -6.328886002302169800e-02 7.164296694099903107e-04 1.627431251108646393e-02 -9.678084403276443481e-03
3.558992967009544373e-02 -2.362388186156749725e-02 5.938374996185302734e-02 -3.131321445107460022e-02 -1.029433086514472961e-01 -7.982323318719863892e-02 -5.766192078590393066e-02 1.098121330142021179e-02 5.938125401735305786e-02 3.082580398768186569e-03
1.788786984980106354e-02 -1.906540431082248688e-02 -9.418413043022155762e-02 -1.140333414077758789e-01 -5.817028693854808807e-03 -3.714600205421447754e-02 1.167985424399375916e-02 -8.574939332902431488e-03 -1.943610422313213348e-02 8.049009740352630615e-02
2.478992380201816559e-02 1.007465459406375885e-02 -9.194360673427581787e-02 4.500899463891983032e-02 -5.029578506946563721e-02 -5.081697925925254822e-02 9.284035302698612213e-03 1.396934688091278076e-02 -4.503244534134864807e-02 1.954589039087295532e-02
4.361234232783317566e-02 -3.637780202552676201e-03 4.206827655434608459e-02 7.078472524881362915e-03 -2.994234487414360046e-02 -1.714834012091159821e-02 -3.818183764815330505e-02 -9.705529361963272095e-02 -5.031878128647804260e-03 -5.080136656761169434e-02
2.035349421203136444e-02 -7.620514370501041412e-03 5.424114689230918884e-02 1.696073682978749275e-03 1.805918058380484581e-03 -6.542891263961791992e-02 -1.361111085861921310e-02 -4.992733523249626160e-02 -3.620949387550354004e-02 -2.058659307658672333e-02
1.583950966596603394e-02 -5.802789330482482910e-02 4.846301674842834473e-02 5.726485699415206909e-02 5.865501612424850464e-02 -9.632874280214309692e-02 -9.953442960977554321e-02 6.107317283749580383e-02 -4.613674432039260864e-02 -7.958108931779861450e-02
1.112603917717933655e-01 9.287869185209274292e-02 4.782146960496902466e-02 -1.158391535282135010e-01 1.210077665746212006e-02 -8.504670858383178711e-02 -1.879950463771820068e-01 -1.816432625055313110e-01 -4.232535511255264282e-02 -3.448472917079925537e-02
-6.604328751564025879e-02 -5.995179712772369385e-02 -1.314976904541254044e-02 -6.698141247034072876e-02 -3.048070706427097321e-02 1.356820296496152878e-02 -5.474675074219703674e-02 9.234579652547836304e-02 7.517907768487930298e-02 -7.547248154878616333e-02
-3.679024800658226013e-02 7.079488039016723633e-02 2.218153513967990875e-02 -9.578391164541244507e-02 -9.365842677652835846e-03 8.072664588689804077e-02 -5.372469872236251831e-02 -3.722747415304183960e-02 3.553168103098869324e-02 -8.489653468132019043e-02
5.974791944026947021e-02 4.231174290180206299e-02 -5.757250264286994934e-02 -3.492299839854240417e-02 -7.387044280767440796e-02 -3.928371146321296692e-02 -7.519182562828063965e-02 -7.476918399333953857e-02 -9.163325279951095581e-02 8.090098202228546143e-02
-6.364382803440093994e-02 5.594398081302642822e-02 -2.011813223361968994e-02 -6.208760663866996765e-02 6.771758198738098145e-03 -9.964779019355773926e-04 -5.334027484059333801e-02 1.663769036531448364e-02 8.074557781219482422e-02 -5.930561199784278870e-02
-2.419844716787338257e-01 -1.276005953550338745e-01 6.385690718889236450e-02 8.138211444020271301e-03 -1.797747425734996796e-02 -1.532161422073841095e-02 5.690838396549224854e-02 -1.952742189168930054e-01 1.723617911338806152e-01 1.669247448444366455e-01
-5.293860659003257751e-02 -2.285516262054443359e-02 4.860098659992218018e-02 -6.381721049547195435e-02 -7.231199741363525391e-02 6.555010378360748291e-02 -5.004945397377014160e-02 7.163088023662567139e-02 -2.728260308504104614e-02 -6.558776646852493286e-02
8.166912198066711426e-02 -8.013152331113815308e-02 -6.352626532316207886e-02 5.244212225079536438e-03 -8.147854357957839966e-02 8.194962888956069946e-02 4.137063026428222656e-02 7.007283717393875122e-02 -9.422968327999114990e-02 -8.279407769441604614e-02
-7.072503864765167236e-02 2.782654017210006714e-02 -1.495376229286193848e-02 -1.789534837007522583e-02 7.224258780479431152e-02 -3.081230819225311279e-02 -5.817989259958267212e-02 2.690277993679046631e-03 4.619956016540527344e-02 -8.376835286617279053e-02
-6.210999190807342529e-02 -2.641875110566616058e-02 6.379660964012145996e-02 -1.027518659830093384e-01 3.134150058031082153e-02 -2.422963269054889679e-02 -4.838443920016288757e-02 5.722406134009361267e-02 3.929693624377250671e-02 -2.756805717945098877e-02
-9.878938086330890656e-03 -6.278151273727416992e-02 -4.839864745736122131e-02 1.393859367817640305e-02 6.179057434201240540e-02 -2.618117257952690125e-03 2.927463874220848083e-02 -1.271288692951202393e-01 -4.001977294683456421e-02 4.981771484017372131e-02
-2.010765857994556427e-02 -1.115349829196929932e-01 3.369798883795738220e-02 -3.999119997024536133e-02 -3.317416086792945862e-02 -7.835336774587631226e-02 -2.496783249080181122e-02 7.096347957849502563e-02 -2.743243984878063202e-02 5.931395292282104492e-02
4.506200179457664490e-02 -1.013699620962142944e-01 5.816752463579177856e-02 -1.221025213599205017e-01 -6.661307811737060547e-02 -1.291910707950592041e-01 -1.501175854355096817e-02 4.980503767728805542e-02 6.442780792713165283e-02 1.535870134830474854e-02
8.379406295716762543e-03 1.660151034593582153e-02 -1.145761460065841675e-01 2.365798503160476685e-02 -3.877895325422286987e-02 6.510151177644729614e-02 9.177797473967075348e-03 -8.552410453557968140e-02 6.526097655296325684e-02 -2.833388373255729675e-02
2.026295661926269531e-02 7.286478579044342041e-02 -2.064376138150691986e-02 -2.787430025637149811e-02 -9.908271580934524536e-02 -2.481962926685810089e-02 -9.248897433280944824e-02 -1.813316345214843750e-02 5.586142092943191528e-02 -2.128969319164752960e-02
-9.370202571153640747e-02 3.442551568150520325e-02 -8.180275559425354004e-02 -5.283384770154953003e-02 3.533178567886352539e-02 -2.394454739987850189e-02 4.185619950294494629e-02 5.280810222029685974e-02 -3.154879063367843628e-02 -7.180102169513702393e-03
-5.411680415272712708e-02 -8.698596060276031494e-02 8.714470267295837402e-02 -8.653502166271209717e-02 2.069413661956787109e-02 6.345848739147186279e-02 -5.561336874961853027e-03 8.988091349601745605e-02 -8.773967623710632324e-02 -7.133293151855468750e-02
4.612969979643821716e-02 -5.614160373806953430e-02 6.914606690406799316e-02 -6.945455074310302734e-02 -9.089391678571701050e-02 7.445274293422698975e-02 -2.197538502514362335e-02 -6.930070370435714722e-02 -6.400110572576522827e-02 4.402663558721542358e-02
-7.179946452379226685e-02 -3.862663730978965759e-02 -8.155390620231628418e-02 -3.430124744772911072e-02 2.986679971218109131e-02 4.911926388740539551e-02 -3.236619383096694946e-02 -9.443926066160202026e-02 9.462225437164306641e-02 1.231181621551513672e-02
-2.404251508414745331e-02 1.104434020817279816e-02 -7.717935740947723389e-02 7.262568688020110130e-04 2.658464200794696808e-02 -6.773635745048522949e-02 -4.155292734503746033e-02 2.278542332351207733e-02 -1.214813790284097195e-03 1.425482612103223801e-02
-5.573716387152671814e-02 -3.640921786427497864e-02 -6.204940751194953918e-02 5.028442293405532837e-02 -5.186235532164573669e-02 3.649690747261047363e-02 7.076663896441459656e-03 -3.752706944942474365e-02 -7.320097647607326508e-03 4.649366065859794617e-02
6.636068224906921387e-03 -4.408359900116920471e-02 2.349560149013996124e-02 -5.158787593245506287e-02 -4.958525300025939941e-02 1.678792387247085571e-02 -2.414441853761672974e-02 6.488443911075592041e-02 -9.740816801786422729e-02 6.112270802259445190e-02
-1.425128709524869919e-02 1.099124830216169357e-02 -9.007275104522705078e-02 4.614575952291488647e-02 2.288972213864326477e-02 8.170482516288757324e-02 9.185892529785633087e-03 -1.073717474937438965e-01 -2.968473918735980988e-02 -9.400820732116699219e-02
-5.078370496630668640e-02 3.742301836609840393e-02 2.914598584175109863e-02 -5.624268203973770142e-02 -7.947037369012832642e-02 1.399155985563993454e-02 4.198135808110237122e-02 1.210933737456798553e-02 2.831557393074035645e-02 -8.258865773677825928e-02
3.466069698333740234e-02 -3.149717301130294800e-02 -4.377909377217292786e-02 3.704968094825744629e-02 -8.894900232553482056e-02 -4.100692272186279297e-02 -6.382700800895690918e-02 -9.048898518085479736e-02 -2.279800921678543091e-02 1.428700238466262817e-02
6.272709369659423828e-02 -5.565900355577468872e-02 2.134053967893123627e-02 -1.313139591366052628e-02 2.640143595635890961e-02 -8.091744780540466309e-02 -7.666146755218505859e-02 -2.986302413046360016e-02 -3.281005192548036575e-03 4.382424801588058472e-02
-1.996161043643951416e-02 -4.169831052422523499e-02 -4.870928451418876648e-02 1.560751348733901978e-02 6.204254925251007080e-02 -7.204836606979370117e-02 -3.368701040744781494e-02 -1.158888638019561768e-02 -7.590621709823608398e-02 -2.776489406824111938e-02
-5.297546461224555969e-02 -5.881715193390846252e-02 -9.561720490455627441e-02 5.751399695873260498e-02 -9.060449898242950439e-02 -4.775539040565490723e-02 -1.391893625259399414e-02 -9.252408891916275024e-02 -2.312474697828292847e-02 8.822779357433319092e-02
-8.817692846059799194e-02 5.448270961642265320e-02 2.227590419352054596e-02 -5.555008351802825928e-02 -3.701787209138274193e-03 4.324585665017366409e-03 3.958599641919136047e-02 2.047137916088104248e-02 -4.737619310617446899e-02 -5.319970846176147461e-02
2.513805031776428223e-02 2.477783523499965668e-02 4.506845492869615555e-03 9.106123819947242737e-03 1.553398929536342621e-02 3.202937077730894089e-03 -7.716335356235504150e-02 -5.161230638623237610e-02 -4.055148363113403320e-02 -6.385995447635650635e-02
-9.154435247182846069e-02 6.340184807777404785e-02 5.673392117023468018e-02 4.321211576461791992e-02 -6.166211888194084167e-02 -7.711707800626754761e-02 -8.495540916919708252e-02 -7.180677354335784912e-02 7.024344801902770996e-02 1.085842400789260864e-02
-1.131439954042434692e-02 -5.298858880996704102e-02 7.601052522659301758e-02 -3.266544640064239502e-02 -8.555904030799865723e-02 -3.616895154118537903e-02 5.397245287895202637e-02 -4.069090634584426880e-02 -6.655712425708770752e-02 2.884821593761444092e-02
-1.201580837368965149e-01 -6.579335313290357590e-03 4.807534441351890564e-02 -3.176839891239069402e-05 2.458654157817363739e-02 -7.737210392951965332e-02 -5.679848138242959976e-03 1.619549654424190521e-02 9.575494565069675446e-03 1.775862649083137512e-02
-8.083112537860870361e-03 -5.359664186835289001e-02 9.265506267547607422e-02 -5.584932863712310791e-03 -4.334352537989616394e-02 2.697750926017761230e-02 -1.990782469511032104e-02 -7.713166624307632446e-02 -4.256309941411018372e-02 1.995079964399337769e-02
