-2.417156286537647247e-02 -8.966500312089920044e-02 -8.545861393213272095e-02 -6.253501027822494507e-02 -3.502231836318969727e-02 6.959537416696548462e-02 5.781280249357223511e-02 2.390395849943161011e-02 -6.369266659021377563e-02 -3.905104845762252808e-02
2.481735125184059143e-02 1.632505282759666443e-02 3.723774850368499756e-02 4.541257768869400024e-02 -4.007990472018718719e-03 7.126547396183013916e-02 -1.031175404787063599e-01 -1.116700544953346252e-01 -3.592472057789564133e-03 -1.860352046787738800e-02
-2.829786390066146851e-02 1.286915689706802368e-02 4.000440239906311035e-02 -8.035977184772491455e-02 -7.318153977394104004e-03 9.875707328319549561e-03 -8.442492038011550903e-02 5.349671840667724609e-02 -8.508524298667907715e-02 -2.534887939691543579e-02
-8.389003342017531395e-04 -4.065594822168350220e-02 -2.429751120507717133e-02 -7.208011299371719360e-02 5.897453520447015762e-03 -4.847490694373846054e-03 7.255093753337860107e-02 7.065445929765701294e-02 2.004427462816238403e-02 -5.986911058425903320e-02
-6.828324496746063232e-02 -1.618448644876480103e-02 2.843836694955825806e-02 2.131815254688262939e-02 -1.857473701238632202e-02 -2.259629219770431519e-02 -3.184562176465988159e-02 5.866104364395141602e-02 -8.894256502389907837e-02 -7.550569623708724976e-02
8.510543033480644226e-03 -9.995686262845993042e-02 5.424391105771064758e-02 -1.059056892991065979e-01 4.354804009199142456e-02 6.705521047115325928e-02 6.068637594580650330e-02 -1.178006157279014587e-01 6.991848349571228027e-02 5.398783460259437561e-02
6.015328317880630493e-02 3.182807564735412598e-02 -8.865328133106231689e-02 4.107023030519485474e-02 4.600920528173446655e-02 1.685144193470478058e-02 -1.059347391128540039e-01 -1.018572896718978882e-01 7.588163763284683228e-02 -6.206705048680305481e-02
-6.138641759753227234e-02 6.956837326288223267e-02 -9.140589088201522827e-02 -4.498110339045524597e-02 -3.901530802249908447e-02 1.436835248023271561e-02 -2.114212699234485626e-02 4.229469224810600281e-02 7.843033410608768463e-03 2.081956155598163605e-02
3.770186007022857666e-02 -3.735484555363655090e-02 -4.188795387744903564e-02 -3.632382303476333618e-02 1.297970116138458252e-02 -9.581809490919113159e-02 -4.755564406514167786e-02 7.213373482227325439e-02 -8.578474074602127075e-02 2.971760928630828857e-02
7.929997891187667847e-02 2.828337065875530243e-02 6.411555409431457520e-02 -8.256511390209197998e-02 -7.691683620214462280e-02 1.471718773245811462e-02 3.147824481129646301e-02 3.107133880257606506e-02 -7.153799384832382202e-02 -4.581196978688240051e-02
8.333623409271240234e-04 -3.025010228157043457e-04 -8.239824324846267700e-02 4.926799237728118896e-02 -7.324172556400299072e-02 4.437004029750823975e-02 3.429357707500457764e-02 -3.192298114299774170e-03 -7.300826907157897949e-02 -1.046322286128997803e-03
-3.677943721413612366e-02 -8.219879865646362305e-02 -3.797457739710807800e-02 -8.947701752185821533e-02 -8.452837355434894562e-03 4.682499170303344727e-02 -4.546813666820526123e-02 1.439716387540102005e-02 6.453575193881988525e-02 5.999471992254257202e-02
4.308813810348510742e-02 -4.908744990825653076e-02 6.879693269729614258e-02 -9.496095776557922363e-02 -1.159933209419250488e-02 -1.133434474468231201e-03 -2.162801474332809448e-02 -2.864621579647064209e-03 -5.944087356328964233e-02 -2.441330999135971069e-02
3.754338994622230530e-02 -7.672210037708282471e-02 7.417272776365280151e-02 -1.817509904503822327e-02 -5.004955828189849854e-02 2.420024387538433075e-02 5.137661099433898926e-02 -4.643589630722999573e-02 3.731790930032730103e-04 -1.225413568317890167e-02
5.052926018834114075e-02 7.960328459739685059e-02 6.984282284975051880e-02 -5.268867686390876770e-02 1.372878323309123516e-03 7.497975230216979980e-02 3.551792353391647339e-02 -3.917722404003143311e-02 -2.383034117519855499e-02 -9.038037806749343872e-02
-6.846556067466735840e-02 -7.506687194108963013e-02 -5.935584381222724915e-02 -1.052173972129821777e-02 -6.524145603179931641e-03 -6.705140322446823120e-02 5.795769393444061279e-02 1.061362028121948242e-02 2.010149508714675903e-02 -8.652819693088531494e-02
4.028722643852233887e-02 -8.884221315383911133e-02 -2.665839344263076782e-02 5.187489092350006104e-02 -9.573542326688766479e-02 2.085864543914794922e-04 -1.793827861547470093e-02 -7.224932312965393066e-02 -2.930382639169692993e-02 -6.051143258810043335e-02
2.413678914308547974e-02 -5.270366370677947998e-02 4.951241612434387207e-02 -1.100763119757175446e-02 6.582515686750411987e-02 1.789124496281147003e-02 -6.765850633382797241e-02 -1.030377596616744995e-01 3.148351982235908508e-02 -9.503655135631561279e-03
-4.232523962855339050e-02 -4.914125800132751465e-02 -9.045446664094924927e-02 -5.824616178870201111e-02 3.995896503329277039e-02 1.826121658086776733e-02 -4.013052582740783691e-02 2.551453746855258942e-02 5.173296481370925903e-02 -5.989772267639636993e-03
-4.567341506481170654e-02 8.947536349296569824e-03 1.856341958045959473e-03 -4.942811653017997742e-02 -4.343444108963012695e-02 -2.754762768745422363e-02 -8.620361238718032837e-02 5.635482072830200195e-02 -9.086944162845611572e-02 8.677247166633605957e-02
-5.827680975198745728e-02 2.671882510185241699e-03 -6.826916337013244629e-02 -5.789335444569587708e-02 -4.406363889575004578e-02 2.232734858989715576e-02 -3.216512501239776611e-02 1.412704586982727051e-02 2.163170278072357178e-02 8.917853236198425293e-03
-1.030461862683296204e-01 5.635282490402460098e-03 -7.448055595159530640e-02 5.366447567939758301e-02 4.519319161772727966e-02 1.340911164879798889e-02 5.111350677907466888e-03 1.554129924625158310e-02 -1.246654987335205078e-02 -6.843804568052291870e-02
-4.223430156707763672e-02 -7.824162393808364868e-02 -8.123703300952911377e-03 8.725731074810028076e-02 1.210375875234603882e-02 3.671802580356597900e-03 4.157178103923797607e-02 -9.335275739431381226e-02 -4.498668015003204346e-02 -8.377091586589813232e-02
-7.173322141170501709e-02 1.424427889287471771e-02 -9.567863494157791138e-02 -7.551020383834838867e-02 5.870748311281204224e-02 4.868350178003311157e-02 6.609047204256057739e-02 -8.353202044963836670e-02 -8.438687026500701904e-02 5.622219294309616089e-02
-6.938344985246658325e-02 8.385873399674892426e-03 -5.142052471637725830e-02 7.592231780290603638e-02 2.083345316350460052e-03 -6.183219701051712036e-02 2.699031494557857513e-02 -3.488361835479736328e-02 -2.373664826154708862e-02 4.000421240925788879e-02
-1.179232895374298096e-01 -3.808553516864776611e-02 -1.181514468044042587e-02 -9.462035447359085083e-02 -1.174168661236763000e-02 -2.110036555677652359e-03 5.774321779608726501e-02 3.496895357966423035e-02 3.637836128473281860e-02 4.576999321579933167e-02
8.403873071074485779e-03 -4.487245529890060425e-02 3.597880154848098755e-02 -9.492808580398559570e-02 3.756743296980857849e-02 -3.310554847121238708e-02 5.413723737001419067e-02 -4.708139225840568542e-02 5.229459330439567566e-02 5.333865061402320862e-02
-2.708989009261131287e-02 3.829752281308174133e-02 -7.621593028306961060e-02 -9.306948632001876831e-03 4.444669559597969055e-02 8.445708081126213074e-03 1.136326603591442108e-02 6.294167041778564453e-02 2.295105718076229095e-02 -1.054340302944183350e-01
-4.067532718181610107e-02 -1.699147000908851624e-02 5.202682688832283020e-02 -9.065607935190200806e-02 4.312901571393013000e-02 5.764105543494224548e-02 -5.460673198103904724e-02 -7.248481735587120056e-03 3.344378992915153503e-02 -8.527148514986038208e-02
2.440137788653373718e-03 1.357199810445308685e-02 -1.290791667997837067e-02 -5.600918084383010864e-02 -7.774574309587478638e-02 -9.473202377557754517e-02 6.585889309644699097e-02 1.701315306127071381e-02 6.734599918127059937e-02 -9.466715157032012939e-02
-6.720662117004394531e-02 -1.187819056212902069e-02 9.452232718467712402e-02 9.218183159828186035e-02 -1.241083256900310516e-02 -9.007247164845466614e-03 -6.869418919086456299e-02 -9.794568270444869995e-02 8.561743795871734619e-02 -6.692985445261001587e-02
-2.203043550252914429e-02 1.742656528949737549e-02 -1.056155562400817871e-02 -8.789555728435516357e-02 -8.453714102506637573e-02 -8.408574014902114868e-02 8.400465548038482666e-02 6.088739633560180664e-02 -3.538841381669044495e-02 -1.275311410427093506e-02
4.166322946548461914e-02 2.538727596402168274e-02 -5.678772181272506714e-02 -6.486272811889648438e-02 -2.129476517438888550e-02 2.353142388164997101e-02 -9.649118781089782715e-02 -3.340225666761398315e-02 2.691227197647094727e-02 -5.131098628044128418e-02
-1.814972609281539917e-02 -4.630084708333015442e-02 9.429781138896942139e-02 -3.292804956436157227e-02 -9.063824266195297241e-02 -4.259707033634185791e-02 5.831900238990783691e-02 1.914718747138977051e-02 -7.950155436992645264e-02 -5.853116512298583984e-02
-2.191747352480888367e-02 7.586855441331863403e-02 3.304694965481758118e-02 -6.693332642316818237e-02 -5.240063741803169250e-02 3.555053472518920898e-02 6.317152641713619232e-03 -3.941316530108451843e-02 5.236893519759178162e-02 -5.201659351587295532e-02
1.946598291397094727e-02 -5.651747435331344604e-02 1.866221427917480469e-02 3.547477722167968750e-02 -8.895218372344970703e-02 1.980479061603546143e-02 -1.689786463975906372e-02 -3.380516171455383301e-02 1.708237081766128540e-02 -1.248995959758758545e-02
-6.919815391302108765e-02 9.445787966251373291e-02 -9.144610911607742310e-02 2.858204394578933716e-02 4.554259777069091797e-02 -4.153288155794143677e-02 -5.784889310598373413e-02 -4.659071564674377441e-03 -5.439395084977149963e-02 -9.101606905460357666e-03
-3.725895658135414124e-02 -9.455230087041854858e-02 4.178176447749137878e-02 3.566217422485351562e-02 -1.246677129529416561e-03 6.154402345418930054e-02 6.746858358383178711e-02 -2.709411270916461945e-02 -9.647344052791595459e-02 1.632462069392204285e-02
9.510549716651439667e-03 1.189734507352113724e-02 6.991795450448989868e-02 5.028427392244338989e-02 -2.627133578062057495e-02 -3.513673320412635803e-02 -9.432376921176910400e-02 -6.979823857545852661e-02 -2.381839416921138763e-02 6.034873425960540771e-02
7.351533323526382446e-02 1.466494891792535782e-02 -6.149364635348320007e-02 -5.325084179639816284e-02 -6.623761355876922607e-02 -6.166336126625537872e-03 9.203955531120300293e-02 5.928701162338256836e-02 -4.241189733147621155e-02 -8.923144638538360596e-02
-6.394930183887481689e-03 -9.540949016809463501e-02 -4.098436236381530762e-02 -8.287041634321212769e-02 8.934697508811950684e-02 -9.445442259311676025e-02 -1.275938749313354492e-02 -2.031201124191284180e-02 6.280846893787384033e-02 -7.201975584030151367e-02
-2.897832542657852173e-02 9.347394108772277832e-03 1.642505079507827759e-02 -6.957020610570907593e-02 1.625542342662811279e-02 8.795782923698425293e-02 -3.642736002802848816e-02 -3.973872587084770203e-02 -6.991274654865264893e-03 -3.653092309832572937e-02
-3.962648659944534302e-02 5.428051948547363281e-02 -3.233996778726577759e-02 -8.324012160301208496e-02 3.305092453956604004e-02 -6.690154969692230225e-02 -9.532205015420913696e-02 1.250668615102767944e-02 1.676864922046661377e-02 -4.806902632117271423e-02
-1.561723463237285614e-02 -2.072903886437416077e-02 -8.553577959537506104e-02 4.725529626011848450e-02 -8.592034876346588135e-02 6.139258667826652527e-02 8.255354128777980804e-03 8.035925030708312988e-02 -4.291656892746686935e-03 -2.051626704633235931e-02
-3.783700615167617798e-02 -6.567361950874328613e-02 6.627127528190612793e-02 3.544390201568603516e-03 4.322601854801177979e-02 2.757534384727478027e-03 -9.300691634416580200e-02 -7.844515144824981689e-02 -3.828927129507064819e-02 6.766058504581451416e-02
7.124235481023788452e-02 5.457551404833793640e-02 -3.232568874955177307e-02 7.578966766595840454e-02 6.074069812893867493e-02 1.890551671385765076e-02 -4.675866290926933289e-02 -3.986510634422302246e-02 -5.866599828004837036e-02 -1.546317990869283676e-02
-6.543746590614318848e-02 6.964410841464996338e-02 -4.700632393360137939e-02 -5.437326803803443909e-02 5.971789360046386719e-02 2.658647298812866211e-02 -1.609121263027191162e-02 3.763006068766117096e-03 -7.069746404886245728e-02 1.330392435193061829e-03
-9.074531495571136475e-02 -7.202649861574172974e-02 -1.137841194868087769e-01 4.476757720112800598e-02 4.624076187610626221e-02 5.208987742662429810e-02 2.389265969395637512e-02 6.217049807310104370e-02 -6.988918036222457886e-02 -9.551015682518482208e-03
3.440005704760551453e-02 6.820552051067352295e-02 3.484010696411132812e-02 2.855345979332923889e-02 -2.644339017570018768e-02 -2.855815552175045013e-02 -9.689063578844070435e-02 5.194821953773498535e-02 -4.673424735665321350e-02 -6.721968203783035278e-02
-4.569174721837043762e-02 8.441925048828125000e-02 7.441261410713195801e-02 4.005052149295806885e-02 -7.279396057128906250e-02 4.266998171806335449e-02 6.907013803720474243e-02 -3.316318243741989136e-02 -9.315481781959533691e-02 -1.521971309557557106e-03
-1.928099058568477631e-02 3.123599104583263397e-03 2.511381171643733978e-02 -8.077618479728698730e-02 -6.081895530223846436e-02 -5.365683883428573608e-02 7.461635023355484009e-02 -2.452964521944522858e-02 5.136118084192276001e-02 -2.276119589805603027e-02
-3.647520393133163452e-02 1.196360681205987930e-02 1.851177215576171875e-02 -1.274267863482236862e-02 4.400994628667831421e-02 2.427097409963607788e-03 1.369791571050882339e-02 -1.452382374554872513e-02 1.976408995687961578e-03 -6.461551040410995483e-02
-5.654959008097648621e-02 2.351383864879608154e-02 1.518793404102325439e-02 -4.470291361212730408e-02 1.263841986656188965e-03 -9.911738336086273193e-03 5.635547637939453125e-02 -2.454291284084320068e-02 4.716399312019348145e-02 -7.011304050683975220e-02
-1.896529272198677063e-02 -1.201851386576890945e-02 -6.617323029786348343e-03 1.237541995942592621e-02 7.312189042568206787e-02 -7.213207334280014038e-02 -3.636952489614486694e-02 -6.531211733818054199e-02 6.299930065870285034e-02 5.992181599140167236e-02
-5.761480331420898438e-02 -7.336217910051345825e-02 -4.548942297697067261e-02 5.110256373882293701e-02 7.491293549537658691e-02 6.041007861495018005e-02 5.083156377077102661e-02 -4.152683541178703308e-02 4.559070989489555359e-02 -2.205171156674623489e-03
-2.184894308447837830e-02 5.079307407140731812e-02 -1.016346514225006104e-01 5.339161306619644165e-02 4.414797574281692505e-02 -6.781622767448425293e-02 -8.627757430076599121e-02 8.358221501111984253e-02 -8.406267315149307251e-02 3.882196731865406036e-03
9.260195493698120117e-02 -7.980763167142868042e-02 -1.240871846675872803e-03 -6.744816899299621582e-02 6.766763329505920410e-02 -2.448260784149169922e-04 -6.788332015275955200e-02 -2.520227432250976562e-02 -4.564356803894042969e-02 -8.462961018085479736e-02
2.614182792603969574e-02 3.690524771809577942e-02 -6.885564420372247696e-03 -6.232905387878417969e-02 1.836640015244483948e-02 -5.480185523629188538e-02 2.486872300505638123e-02 9.278108179569244385e-02 -4.546416923403739929e-02 -4.915691539645195007e-02
7.366814464330673218e-02 2.696453779935836792e-02 2.617435064166784286e-03 2.582256682217121124e-02 -1.552451867610216141e-02 -9.984275698661804199e-02 8.070180565118789673e-02 5.224377289414405823e-02 5.164880678057670593e-02 -6.855963915586471558e-02
5.101617053151130676e-02 -6.291730795055627823e-03 -7.329226937144994736e-03 3.817513212561607361e-02 9.871514886617660522e-02 -7.185060530900955200e-02 -6.494434922933578491e-02 -8.853693492710590363e-03 -2.768404781818389893e-02 -3.176394477486610413e-02
6.954728066921234131e-02 -2.910411730408668518e-02 6.077534705400466919e-02 3.414653986692428589e-02 3.558739274740219116e-02 6.120259314775466919e-02 6.901548802852630615e-02 -3.841112554073333740e-02 -4.366938397288322449e-02 -7.334453612565994263e-02
8.056238293647766113e-04 -5.489157140254974365e-02 8.442471921443939209e-02 -8.456940948963165283e-02 6.396974623203277588e-02 -9.258261322975158691e-02 -5.849868431687355042e-02 7.653075456619262695e-02 -9.301252663135528564e-02 5.033475160598754883e-02
-7.212071120738983154e-02 -3.705502301454544067e-02 7.323946058750152588e-02 -3.507974743843078613e-02 -1.875892281532287598e-02 3.056672215461730957e-02 7.463474571704864502e-02 -4.522440209984779358e-02 -4.574209079146385193e-02 -8.158398419618606567e-02
-3.777657821774482727e-02 -6.293167918920516968e-02 8.894752711057662964e-02 4.752549156546592712e-02 2.331403084099292755e-02 4.120884463191032410e-02 8.185546845197677612e-02 1.885060407221317291e-02 -6.489519774913787842e-02 2.934004738926887512e-02
