-1.404355373233556747e-02 -3.127267956733703613e-02 -6.030866131186485291e-02 6.631342228502035141e-03 -6.580200046300888062e-02 -1.941452734172344208e-02 5.088781192898750305e-02 -4.582457616925239563e-02 9.999150782823562622e-02 5.097464099526405334e-02
6.570278853178024292e-02 -1.033869311213493347e-01 1.198690943419933319e-02 8.546351455152034760e-03 -9.388411790132522583e-02 7.567031309008598328e-03 4.337093606591224670e-02 -4.126808047294616699e-02 2.352362498641014099e-03 -3.767482936382293701e-02
4.455378279089927673e-02 2.078480832278728485e-02 4.163796082139015198e-02 9.079089760780334473e-02 5.540176481008529663e-02 -3.996908664703369141e-02 -7.203836739063262939e-02 8.722719550132751465e-02 6.035127863287925720e-02 -3.768581151962280273e-02
4.910699278116226196e-02 2.565223537385463715e-02 -9.973544627428054810e-02 -7.341556996107101440e-02 -8.807258680462837219e-03 4.036537557840347290e-02 -1.326559577137231827e-02 -2.373021282255649567e-02 8.349280804395675659e-02 -8.525511622428894043e-02
5.059095472097396851e-02 7.095807045698165894e-02 3.911069408059120178e-02 4.781607910990715027e-02 6.221666559576988220e-02 -7.218733429908752441e-02 -6.534720957279205322e-02 5.689215660095214844e-02 6.643100082874298096e-02 5.717784538865089417e-02
-8.071921765804290771e-02 1.425069570541381836e-02 4.111142456531524658e-02 3.162536025047302246e-02 -5.966492369771003723e-02 -8.393220603466033936e-03 2.749347686767578125e-02 -8.493199944496154785e-02 3.582093119621276855e-02 -4.904956370592117310e-02
2.026489004492759705e-02 5.189886689186096191e-02 -2.470761165022850037e-02 7.626181840896606445e-02 8.452497422695159912e-02 -6.824423372745513916e-02 -5.873875319957733154e-02 3.558815270662307739e-02 3.659038245677947998e-02 -2.862326055765151978e-02
5.983756855130195618e-02 6.755224615335464478e-02 1.624652743339538574e-02 8.726192265748977661e-02 -4.793714731931686401e-02 -4.275058582425117493e-02 -7.821188122034072876e-02 8.348670601844787598e-02 5.121628940105438232e-02 -1.070510968565940857e-02
-5.686966329813003540e-02 -8.696355670690536499e-02 -8.132296800613403320e-02 -8.772663772106170654e-02 -4.418030008673667908e-02 6.926548480987548828e-02 -3.916040807962417603e-02 9.804747998714447021e-03 4.305373132228851318e-02 -4.745971411466598511e-02
-9.106288850307464600e-02 2.368181245401501656e-03 9.951631538569927216e-03 8.666489273309707642e-02 2.672568522393703461e-02 5.928017944097518921e-02 -3.426801785826683044e-02 -2.198874019086360931e-02 -1.023193746805191040e-01 -1.310979668051004410e-02
-1.312108896672725677e-02 1.083552986383438110e-01 -1.809486560523509979e-02 -5.426299944519996643e-02 9.910841286182403564e-02 -2.508284337818622589e-02 5.135482549667358398e-02 -6.523311138153076172e-02 -8.242956548929214478e-02 7.375219464302062988e-02
-4.642905294895172119e-02 -5.883472040295600891e-03 3.256497532129287720e-02 -4.839991033077239990e-02 1.454730890691280365e-02 -2.077675797045230865e-02 7.453886419534683228e-02 -8.723028935492038727e-03 -5.270031094551086426e-02 -7.838431000709533691e-02
-9.433437138795852661e-03 -1.043211109936237335e-02 3.965456038713455200e-02 3.878221660852432251e-02 -5.666153132915496826e-02 -6.251798570156097412e-02 2.097024768590927124e-02 6.604847311973571777e-02 3.259540349245071411e-02 1.760840974748134613e-02
1.967697590589523315e-02 -6.913204491138458252e-02 6.043153814971446991e-03 -4.168100655078887939e-03 2.507122233510017395e-02 8.601916953921318054e-03 -4.932491853833198547e-02 -7.832715660333633423e-02 6.921266019344329834e-02 -2.102295868098735809e-02
-6.355540454387664795e-02 5.178755894303321838e-02 -1.412483491003513336e-02 2.986988611519336700e-02 6.629941612482070923e-02 -6.862632185220718384e-02 5.783542618155479431e-02 6.607127934694290161e-02 -6.637168675661087036e-02 4.023632034659385681e-02
-5.070925503969192505e-02 7.714759558439254761e-02 9.556759148836135864e-02 6.250049918889999390e-02 -5.963858962059020996e-02 -2.171649783849716187e-02 4.179117456078529358e-02 4.196814447641372681e-02 -9.067742526531219482e-02 -5.739569291472434998e-02
-7.747501134872436523e-02 2.132972935214638710e-03 5.868799239397048950e-02 7.401357591152191162e-02 -8.959517627954483032e-02 -9.495317935943603516e-02 -2.556114457547664642e-02 -7.473955303430557251e-02 2.063712291419506073e-02 8.327607810497283936e-02
3.141293302178382874e-02 -4.817938804626464844e-02 -7.372028380632400513e-02 5.346061661839485168e-02 -8.819420821964740753e-03 -1.027172654867172241e-01 -1.309408154338598251e-02 -8.238497376441955566e-02 7.465382665395736694e-02 7.850275188684463501e-02
7.408460974693298340e-02 5.302448943257331848e-02 -6.453511118888854980e-02 1.019279379397630692e-02 -4.913818463683128357e-02 1.433298364281654358e-02 -7.520560640841722488e-03 -1.838786527514457703e-02 -9.786009788513183594e-02 -7.912143319845199585e-02
3.151126205921173096e-02 -2.940637618303298950e-02 -5.159388110041618347e-02 -2.175768464803695679e-02 6.419274210929870605e-02 -2.233495563268661499e-02 6.409846246242523193e-02 -7.495818287134170532e-02 -9.976014494895935059e-03 -2.291814982891082764e-02
2.648016065359115601e-02 2.995810471475124359e-02 -3.494418412446975708e-02 -8.549469709396362305e-02 -1.009187549352645874e-01 -1.933447644114494324e-02 2.170336805284023285e-02 -6.566407158970832825e-03 1.943103037774562836e-02 8.014438673853874207e-03
-8.309927582740783691e-02 -9.064371883869171143e-02 -2.254342287778854370e-02 -9.516417980194091797e-03 -6.525449454784393311e-03 5.921179056167602539e-02 9.598314762115478516e-03 -4.827795550227165222e-02 -1.784509420394897461e-02 -3.402971476316452026e-02
9.309998154640197754e-02 7.579621672630310059e-02 -4.470843821763992310e-02 -5.349429696798324585e-02 1.005370616912841797e-01 4.984284751117229462e-03 -8.279773592948913574e-02 7.575429975986480713e-02 -2.390265464782714844e-02 -7.488143444061279297e-02
-3.273266926407814026e-02 2.312463708221912384e-02 8.152576535940170288e-02 -6.233802810311317444e-02 -7.221882045269012451e-02 -3.998510912060737610e-02 8.466770872473716736e-03 -2.299023047089576721e-02 -1.336498558521270752e-02 6.058430299162864685e-02
4.407738149166107178e-02 -1.784403622150421143e-02 -3.599296137690544128e-02 2.575576305389404297e-02 -3.019825369119644165e-02 3.195397555828094482e-02 -8.046866953372955322e-02 -6.364969909191131592e-02 -2.658715844154357910e-02 -2.267836779356002808e-02
7.081710547208786011e-02 2.473348751664161682e-02 -8.646707981824874878e-02 2.603510580956935883e-02 -8.836136013269424438e-02 -8.556251972913742065e-02 -9.137170761823654175e-02 2.292788401246070862e-02 7.052328437566757202e-02 -6.600952148437500000e-02
5.612552165985107422e-02 -3.496083989739418030e-02 -2.187219262123107910e-02 -6.827463209629058838e-02 -5.371578037738800049e-03 8.770032227039337158e-02 -4.376037791371345520e-02 -7.108214497566223145e-02 -6.992962956428527832e-02 6.596870720386505127e-03
7.096623629331588745e-02 6.821162253618240356e-02 -9.751846641302108765e-02 -1.025064960122108459e-01 8.022698014974594116e-02 1.326127164065837860e-02 -9.644563496112823486e-02 -3.270480036735534668e-02 -5.348809063434600830e-02 -3.330321237444877625e-02
3.470852971076965332e-02 9.722737595438957214e-03 3.675413876771926880e-02 -8.051900565624237061e-02 -8.230066858232021332e-03 3.576760366559028625e-02 -9.016185253858566284e-02 5.748877674341201782e-02 -1.452948059886693954e-02 -1.638371124863624573e-02
1.035404950380325317e-01 -4.943773150444030762e-03 -1.180581897497177124e-01 -7.405336946249008179e-02 4.466427117586135864e-02 9.094245731830596924e-03 -4.738220199942588806e-02 8.070123195648193359e-02 -6.450313329696655273e-02 2.692303434014320374e-02
-5.888687074184417725e-02 -1.045100241899490356e-01 2.567032165825366974e-02 -3.531743586063385010e-02 6.567937880754470825e-02 -9.377617388963699341e-02 6.265258044004440308e-02 6.289165467023849487e-02 -1.356916502118110657e-02 -3.777952864766120911e-02
3.811557590961456299e-02 -5.202149972319602966e-02 -4.875890165567398071e-02 1.255966722965240479e-02 -3.039669245481491089e-02 6.841921806335449219e-02 -1.788242906332015991e-02 -8.528964221477508545e-02 3.802114725112915039e-02 -1.981679350137710571e-02
-4.539516940712928772e-02 2.496828883886337280e-02 -1.081322878599166870e-02 -4.493122175335884094e-02 6.111137568950653076e-02 -8.075337111949920654e-02 -7.350588589906692505e-02 7.419313490390777588e-02 -6.758989393711090088e-02 -1.210570335388183594e-02
6.297835707664489746e-02 -1.409138832241296768e-02 -4.369908571243286133e-02 -9.199096262454986572e-02 -9.114807471632957458e-04 -7.365755736827850342e-03 -1.028991956263780594e-02 4.651713371276855469e-02 -3.791525214910507202e-02 -7.287615910172462463e-03
1.885521039366722107e-02 8.854440413415431976e-03 4.975936189293861389e-02 -2.664855495095252991e-02 -7.054556161165237427e-02 4.287925362586975098e-02 -4.229922220110893250e-02 -1.282976288348436356e-02 5.780288483947515488e-03 -4.446121677756309509e-02
-8.942875266075134277e-02 3.633690625429153442e-02 -6.379685550928115845e-02 7.154157012701034546e-02 -4.208385571837425232e-02 7.904865592718124390e-02 -6.244974210858345032e-03 2.442569658160209656e-02 7.166830450296401978e-02 -1.218497753143310547e-01
8.770553767681121826e-02 7.913290709257125854e-02 -5.867406353354454041e-02 -9.289677441120147705e-02 8.134444802999496460e-02 -6.147385574877262115e-03 5.190087854862213135e-02 6.059868633747100830e-02 3.949110582470893860e-02 -9.073629917111247778e-05
-8.701287209987640381e-02 -3.110012039542198181e-02 -2.789401821792125702e-02 5.878206342458724976e-03 5.642868578433990479e-02 5.936176329851150513e-02 -9.745408594608306885e-02 7.469307631254196167e-03 -4.896957054734230042e-02 4.372545331716537476e-02
-6.773155182600021362e-02 -2.543811313807964325e-02 -6.651102006435394287e-02 8.203276991844177246e-02 1.508566923439502716e-02 -7.971224188804626465e-02 2.345621027052402496e-02 2.998024970293045044e-02 8.117368072271347046e-02 5.794251337647438049e-02
2.973764576017856598e-02 1.911982707679271698e-02 8.449772745370864868e-02 -4.547898471355438232e-02 1.344086602330207825e-02 -9.040094912052154541e-02 8.581577986478805542e-02 -6.377573311328887939e-02 -2.198418974876403809e-02 -6.042641401290893555e-02
7.353246212005615234e-03 -2.634251862764358521e-02 -4.692450165748596191e-02 5.886584520339965820e-03 -8.357559144496917725e-02 6.736443936824798584e-02 -1.389555633068084717e-03 -2.370968461036682129e-02 -8.543074131011962891e-03 -6.669372320175170898e-03
-6.612163037061691284e-02 -3.238500654697418213e-02 7.457397878170013428e-03 -3.394601494073867798e-02 -7.417826354503631592e-02 2.262689918279647827e-02 1.370836049318313599e-02 -2.796535193920135498e-02 -6.681619584560394287e-02 2.941168844699859619e-02
-5.068364366888999939e-02 -8.622244000434875488e-03 2.516679465770721436e-02 7.624678313732147217e-02 -9.106212854385375977e-02 -2.280685305595397949e-02 -2.839237451553344727e-02 -2.351211756467819214e-02 -8.632835745811462402e-02 -3.010915219783782959e-02
5.360149592161178589e-02 -3.265490382909774780e-02 4.967920109629631042e-02 5.399771407246589661e-02 -6.981577724218368530e-02 7.769738882780075073e-02 -4.896975681185722351e-02 -3.549857810139656067e-02 -9.793955087661743164e-02 -4.634596779942512512e-02
8.313874155282974243e-02 -2.976442500948905945e-02 8.018792420625686646e-02 1.650804467499256134e-02 -1.739110797643661499e-02 8.647382259368896484e-02 -1.664730720221996307e-02 -5.649280920624732971e-02 2.915226295590400696e-02 -1.582036912441253662e-02
-6.647443771362304688e-02 -1.000352948904037476e-02 -3.204599022865295410e-02 -3.498349338769912720e-02 3.687345981597900391e-02 -6.596347689628601074e-02 2.824787795543670654e-02 -5.415812134742736816e-03 -1.917641609907150269e-02 -8.987570554018020630e-02
6.056106090545654297e-02 7.281340658664703369e-02 -6.129068508744239807e-02 -6.773035228252410889e-02 1.078573539853096008e-01 4.135137796401977539e-02 3.175795450806617737e-02 5.318001657724380493e-02 -1.857154257595539093e-02 -5.888744443655014038e-02
-4.096248000860214233e-02 2.128183841705322266e-02 5.392903089523315430e-02 -9.975018352270126343e-02 2.864114567637443542e-02 6.596858054399490356e-02 -1.097260564565658569e-01 1.903697289526462555e-02 -3.177619725465774536e-02 6.497424840927124023e-02
-5.805990844964981079e-02 1.650122739374637604e-02 2.204848825931549072e-02 1.008959785103797913e-01 1.300352392718195915e-03 6.050105765461921692e-02 -1.933415606617927551e-02 3.600999340415000916e-02 2.770201861858367920e-02 5.985774099826812744e-02
4.221400618553161621e-02 -8.896487951278686523e-02 -8.968182653188705444e-02 -4.355641826987266541e-02 2.739374339580535889e-02 -6.570582836866378784e-02 -7.859578728675842285e-02 2.319955825805664062e-02 -5.557281151413917542e-02 8.340065181255340576e-02
-8.385805413126945496e-03 -8.372745942324399948e-04 2.759885741397738457e-03 3.625339269638061523e-02 6.347447633743286133e-02 -8.191466331481933594e-02 3.462718427181243896e-02 -4.058415815234184265e-02 -5.761401727795600891e-02 4.591680318117141724e-02
-5.155924707651138306e-02 8.879074454307556152e-02 -7.930838316679000854e-02 -3.695238009095191956e-02 4.297491908073425293e-02 -3.313766419887542725e-02 -2.832990884780883789e-02 -5.240254104137420654e-03 1.269561797380447388e-02 -3.133466839790344238e-02
7.301623933017253876e-03 5.315198004245758057e-02 -5.029666796326637268e-02 2.923551946878433228e-02 -4.582642577588558197e-04 -5.625477433204650879e-02 -9.647571295499801636e-02 1.222497783601284027e-02 4.560555517673492432e-02 -4.013088345527648926e-02
5.955740809440612793e-03 8.520762622356414795e-02 9.509991854429244995e-02 -6.803667545318603516e-02 -9.091619402170181274e-02 -5.068891867995262146e-02 -3.268016129732131958e-02 -2.256400883197784424e-02 -7.505783811211585999e-03 7.026664167642593384e-02
-8.269277215003967285e-02 1.477958261966705322e-02 -3.629108890891075134e-02 -7.945938408374786377e-02 -6.427153944969177246e-02 -6.195362657308578491e-02 -2.499927580356597900e-02 -3.381764516234397888e-02 -6.461112201213836670e-02 8.092205226421356201e-02
-1.050580441951751709e-01 -1.434867922216653824e-02 -4.951776936650276184e-04 -4.700466059148311615e-03 6.858214735984802246e-02 -2.176091447472572327e-02 3.905675560235977173e-02 -1.327053550630807877e-02 -6.147162057459354401e-03 -3.276657313108444214e-02
7.034365832805633545e-02 -6.539470702409744263e-02 1.954402774572372437e-02 1.606570929288864136e-02 3.960708528757095337e-02 -1.561588374897837639e-03 7.318411767482757568e-02 -4.405143484473228455e-02 8.231377601623535156e-02 -5.955887585878372192e-02
3.670267760753631592e-02 3.282919526100158691e-03 -7.448749989271163940e-02 -2.975847572088241577e-02 -1.206376403570175171e-02 -7.062566280364990234e-02 5.518704652786254883e-03 -9.273123741149902344e-02 -1.387111097574234009e-02 -2.581131458282470703e-02
8.411233127117156982e-02 4.521076008677482605e-02 -3.003008849918842316e-02 4.092388600111007690e-02 5.896579474210739136e-02 -8.593700826168060303e-02 1.152103953063488007e-02 -9.844643622636795044e-02 4.928508773446083069e-02 -7.751352339982986450e-02
-6.719408929347991943e-02 2.540795505046844482e-02 -6.384444236755371094e-02 -7.468335330486297607e-02 9.241624176502227783e-02 -2.269476652145385742e-02 5.477628111839294434e-02 -3.029613196849822998e-02 -9.051326662302017212e-02 -2.291963994503021240e-02
-4.959189519286155701e-02 -4.375343769788742065e-02 2.427501976490020752e-02 -6.671639531850814819e-02 -3.433734178543090820e-03 1.336329430341720581e-02 -5.109234154224395752e-02 -7.909374684095382690e-02 -7.989084720611572266e-02 -1.830269396305084229e-02
4.873247072100639343e-02 -5.878019332885742188e-02 1.438321452587842941e-02 -9.812933392822742462e-03 7.270741462707519531e-02 2.832478843629360199e-02 7.437124103307723999e-02 -3.402759134769439697e-02 2.835936844348907471e-02 -4.301011562347412109e-02
-1.044907867908477783e-01 5.401042103767395020e-02 5.397737491875886917e-03 7.029446959495544434e-02 6.490352749824523926e-02 1.750480197370052338e-02 -9.278189390897750854e-02 -1.599525287747383118e-02 4.146653786301612854e-02 -8.332037180662155151e-02
-7.637115661054849625e-03 4.846115782856941223e-02 -1.217102445662021637e-02 -4.363572597503662109e-02 8.758536726236343384e-02 6.583105772733688354e-02 1.100214719772338867e-01 -5.982575565576553345e-02 -4.047873243689537048e-02 1.780006662011146545e-02
