4.136479273438453674e-02 7.305998355150222778e-02 -4.613276943564414978e-02 -2.218702249228954315e-02 1.467365771532058716e-02 -6.420464068651199341e-02 -9.621910005807876587e-02 -3.167347982525825500e-02 1.107423752546310425e-02 -4.215852543711662292e-02
5.849254131317138672e-02 -6.064710766077041626e-02 -5.026626586914062500e-02 -2.980767935514450073e-02 1.669316738843917847e-02 -7.769702374935150146e-02 -4.171924665570259094e-02 -3.775325790047645569e-02 -4.389371722936630249e-02 8.917875587940216064e-02
7.229699939489364624e-02 7.002883404493331909e-02 -6.615667045116424561e-02 4.597417637705802917e-02 -3.837688639760017395e-02 -7.406853139400482178e-02 -7.726600021123886108e-02 1.038939226418733597e-02 -9.811624139547348022e-02 -1.141547486186027527e-01
-4.453441128134727478e-02 -4.058933630585670471e-02 -3.004814684391021729e-02 -9.026736021041870117e-02 -2.232709527015686035e-02 -5.232352018356323242e-02 -7.992953807115554810e-02 7.849380373954772949e-02 -9.261040389537811279e-02 -4.698419570922851562e-02
-8.714552223682403564e-02 -3.527491167187690735e-02 -4.638315364718437195e-02 -3.000277280807495117e-02 4.385748505592346191e-02 -8.623606711626052856e-02 -7.944838702678680420e-02 3.947471082210540771e-02 6.641940772533416748e-02 -4.139349609613418579e-02
-6.075499951839447021e-02 -4.243589937686920166e-02 -8.204957842826843262e-02 6.054168939590454102e-02 5.959175527095794678e-02 -8.070208132266998291e-02 7.834021747112274170e-02 3.136445581912994385e-02 -6.418763101100921631e-02 -2.883401513099670410e-02
-1.687747798860073090e-02 1.137861050665378571e-02 1.376070547848939896e-02 7.610566914081573486e-02 -5.585632100701332092e-02 3.123294003307819366e-02 3.157792240381240845e-02 -9.189555048942565918e-02 -2.616998180747032166e-02 -9.959373623132705688e-02
5.064183846116065979e-02 -1.271521579474210739e-02 -8.898890018463134766e-02 -2.850081212818622589e-02 1.651295833289623260e-02 4.042030870914459229e-02 1.341691520065069199e-02 -7.812024652957916260e-02 5.047098547220230103e-02 -3.811810910701751709e-02
4.990502074360847473e-02 -3.619665745645761490e-03 5.804893374443054199e-02 -1.128042340278625488e-01 5.131519585847854614e-02 -4.892124608159065247e-02 2.211850322782993317e-02 -6.773810833692550659e-02 1.468189060688018799e-02 -9.752503782510757446e-02
-4.541318863630294800e-02 8.017219603061676025e-03 -5.611877143383026123e-02 5.422030389308929443e-02 5.064400285482406616e-02 -7.014827430248260498e-02 -8.022257685661315918e-02 7.907010614871978760e-03 -1.126445829868316650e-02 5.522256717085838318e-02
1.657343469560146332e-02 -7.991218566894531250e-02 1.267550699412822723e-02 -1.765586994588375092e-02 -1.070414762943983078e-02 -9.061340242624282837e-02 6.511278450489044189e-02 -1.503556873649358749e-02 5.920116603374481201e-02 -3.698215633630752563e-02
-9.231225401163101196e-02 2.649706788361072540e-02 -5.821397900581359863e-02 7.536034286022186279e-02 -3.077687323093414307e-02 7.439745217561721802e-02 -2.943801507353782654e-02 -4.108561575412750244e-02 -3.746555745601654053e-02 4.124449566006660461e-02
3.868095949292182922e-02 3.410336375236511230e-02 -9.241303056478500366e-02 -2.889291197061538696e-02 -7.601501792669296265e-02 -4.318369925022125244e-02 -1.868390291929244995e-02 -5.088883917778730392e-04 2.751825377345085144e-02 2.990126423537731171e-02
-2.993191778659820557e-02 -5.949250608682632446e-02 -1.596020907163619995e-02 -8.864164352416992188e-02 -8.541308343410491943e-02 -2.664335072040557861e-02 -4.752886667847633362e-02 7.258445024490356445e-02 -5.604683980345726013e-02 -7.958821952342987061e-03
8.022338151931762695e-04 6.774164736270904541e-03 -6.590307503938674927e-02 5.676472187042236328e-02 -5.097673460841178894e-02 -1.994085311889648438e-02 3.573049604892730713e-02 6.164862215518951416e-02 -4.575913399457931519e-02 -8.135576546192169189e-02
-3.078153915703296661e-02 -1.107524782419204712e-01 -1.590194739401340485e-02 4.061639681458473206e-02 6.064294278621673584e-02 7.940903306007385254e-03 -1.909903064370155334e-02 -6.318973004817962646e-02 -2.400136180222034454e-02 5.395762622356414795e-02
7.799380272626876831e-02 -8.262497931718826294e-02 4.974590241909027100e-02 -1.054698973894119263e-02 -3.083545342087745667e-02 -4.296269267797470093e-02 -5.554928258061408997e-02 -2.014665864408016205e-02 -7.051204890012741089e-02 7.002893090248107910e-02
-1.835408620536327362e-02 3.451387956738471985e-02 2.942008897662162781e-02 -7.301488518714904785e-02 6.834531575441360474e-02 3.065829724073410034e-02 -7.772876322269439697e-02 -9.893578290939331055e-02 -4.278756678104400635e-02 3.712188825011253357e-02
-6.231904029846191406e-03 -1.423660665750503540e-02 -4.731952399015426636e-02 6.680187582969665527e-02 -1.093187928199768066e-02 -7.924041897058486938e-02 -3.124520182609558105e-03 -8.700625598430633545e-02 8.428914844989776611e-02 -5.714468657970428467e-03
7.494257390499114990e-02 -2.304629608988761902e-02 3.703924268484115601e-02 -3.734311833977699280e-02 3.626995161175727844e-02 -7.864023745059967041e-02 -6.790812313556671143e-02 -7.952822744846343994e-02 3.200767561793327332e-02 -5.015208572149276733e-02
-2.079692669212818146e-03 3.056779876351356506e-02 4.876679182052612305e-02 1.848230510950088501e-02 -6.241923198103904724e-02 3.262732550501823425e-02 -4.190835729241371155e-02 1.542776543647050858e-02 -6.863586604595184326e-02 -1.098015978932380676e-01
-9.057121723890304565e-02 1.758468896150588989e-02 8.164486289024353027e-02 3.724120557308197021e-03 -7.193621993064880371e-02 -6.660293787717819214e-02 -4.421412944793701172e-03 -4.609017819166183472e-02 -2.796179801225662231e-02 -2.141692489385604858e-02
-1.192891150712966919e-01 3.658820642158389091e-03 2.728958427906036377e-02 3.331885114312171936e-02 -8.348410576581954956e-02 5.270059406757354736e-02 -1.894350629299879074e-03 1.463959831744432449e-02 4.070525756105780602e-04 -1.530544552952051163e-02
9.446775168180465698e-02 9.087223559617996216e-02 -8.831706829369068146e-03 -2.794568240642547607e-02 -1.113050282001495361e-01 -1.478520780801773071e-01 -3.917815163731575012e-02 -1.351771801710128784e-01 -3.150035068392753601e-02 7.368503720499575138e-04
-6.719306111335754395e-03 -7.742299139499664307e-02 -1.895223557949066162e-02 -3.646738827228546143e-03 3.753326833248138428e-02 6.357806921005249023e-02 -2.790854126214981079e-02 -5.233657732605934143e-02 1.668900251388549805e-02 -2.176979929208755493e-02
-8.289098623208701611e-04 1.854963228106498718e-02 -5.460229888558387756e-02 5.419578403234481812e-02 6.646811030805110931e-03 -2.587999217212200165e-02 -5.471900850534439087e-02 5.583205074071884155e-02 -2.754317410290241241e-02 -6.191896647214889526e-02
1.163878478109836578e-02 6.792534142732620239e-02 2.799275389406830072e-04 -7.674986124038696289e-02 -2.643090113997459412e-02 3.339482471346855164e-02 2.877267822623252869e-02 -2.853663451969623566e-02 -1.678274199366569519e-02 -8.257523179054260254e-02
8.428508788347244263e-02 6.472537666559219360e-02 -8.111156523227691650e-02 -5.756863951683044434e-02 -2.396899275481700897e-02 -8.444450795650482178e-02 -7.307539135217666626e-02 -7.951758801937103271e-02 5.089288204908370972e-02 -8.164113969542086124e-04
-2.884642779827117920e-02 2.267504483461380005e-02 -4.305224493145942688e-02 -1.578682661056518555e-02 4.053784906864166260e-02 -2.454935014247894287e-02 -1.889670640230178833e-02 -5.740833282470703125e-02 -2.989964932203292847e-02 7.430951297283172607e-02
7.129175961017608643e-02 1.060157492756843567e-01 2.632051892578601837e-02 -2.740487270057201385e-02 9.721838869154453278e-03 -1.363692730665206909e-01 -7.486597448587417603e-02 8.674798160791397095e-02 3.838552162051200867e-02 -8.362309634685516357e-02
-4.667079076170921326e-02 -3.385984152555465698e-02 -1.126706898212432861e-01 -3.630178421735763550e-02 -4.808974266052246094e-02 6.412024796009063721e-02 2.548837661743164062e-02 -3.818740695714950562e-02 3.462084755301475525e-02 2.429497800767421722e-02
5.086919665336608887e-02 -2.960452064871788025e-02 2.676423266530036926e-02 5.203174427151679993e-02 -3.625727817416191101e-02 -4.966832324862480164e-02 -2.720350958406925201e-02 -5.933335795998573303e-02 2.444769069552421570e-02 -9.376012533903121948e-02
1.792907342314720154e-02 -7.322370260953903198e-02 -6.879875808954238892e-02 1.030229264870285988e-03 8.902335166931152344e-02 9.146153926849365234e-02 -5.042931810021400452e-02 3.605315089225769043e-02 -8.262322843074798584e-02 -7.557051628828048706e-02
1.520452555269002914e-02 7.380932220257818699e-04 -5.840540304780006409e-02 3.339268267154693604e-02 1.833647140301764011e-03 -5.770722776651382446e-02 -3.358089178800582886e-02 -1.043752860277891159e-02 3.126449882984161377e-02 -1.538844662718474865e-03
-5.755138397216796875e-02 -2.839127182960510254e-02 1.835034042596817017e-02 -3.957244753837585449e-02 9.346753358840942383e-04 3.714318573474884033e-02 -8.845518529415130615e-02 -6.027535721659660339e-02 -9.286274015903472900e-02 4.246771335601806641e-02
2.813176624476909637e-02 -3.018669225275516510e-02 -1.652043126523494720e-02 -4.280268400907516479e-02 -9.339997172355651855e-02 -3.887593373656272888e-02 7.640971988439559937e-02 -8.160356432199478149e-03 -4.119535442441701889e-03 3.961654845625162125e-03
8.558508008718490601e-03 -3.229648247361183167e-02 4.547352716326713562e-02 -5.849787499755620956e-03 1.750543480738997459e-03 3.487480059266090393e-02 -2.369251474738121033e-02 -4.005175828933715820e-02 2.101253345608711243e-02 -9.972283244132995605e-02
-3.681905940175056458e-02 -4.577320069074630737e-02 -1.419918425381183624e-02 -3.494812641292810440e-03 4.086025431752204895e-02 -2.232620678842067719e-02 -8.387330919504165649e-02 5.188089236617088318e-02 7.605492323637008667e-02 -6.597945839166641235e-02
-9.496740996837615967e-02 9.036581218242645264e-02 -2.428796142339706421e-02 5.307707190513610840e-02 -5.334199219942092896e-02 -6.807819008827209473e-04 -6.596627831459045410e-02 7.879197597503662109e-03 -7.541402429342269897e-02 -4.840256646275520325e-02
-1.906175166368484497e-02 -9.303624741733074188e-03 -7.957406342029571533e-02 -4.165023565292358398e-02 7.463993877172470093e-02 -1.134400628507137299e-02 2.802965790033340454e-02 -2.722167782485485077e-02 -3.285973099991679192e-03 5.712503101676702499e-03
-8.866985142230987549e-02 1.093553262762725353e-03 -5.970239173620939255e-03 -1.064159050583839417e-01 3.475999459624290466e-02 2.672009635716676712e-03 -7.114352285861968994e-02 1.284416858106851578e-02 5.834826081991195679e-02 1.422863733023405075e-02
2.880287915468215942e-02 3.755635023117065430e-02 -7.547099143266677856e-02 -6.943709403276443481e-02 -4.717287793755531311e-02 -2.312252670526504517e-02 2.961878478527069092e-02 -1.956697553396224976e-02 -8.715175092220306396e-03 -9.887851774692535400e-03
-7.032255083322525024e-02 5.369871109724044800e-02 -4.130907729268074036e-02 -1.635576412081718445e-02 -4.037877917289733887e-02 6.767974793910980225e-02 -4.152219742536544800e-02 3.120693005621433258e-02 -3.468926995992660522e-02 1.953638158738613129e-02
1.649031043052673340e-02 -7.619204372167587280e-02 9.249295294284820557e-02 5.651953816413879395e-02 -9.518724679946899414e-02 -8.546874672174453735e-02 -1.785620301961898804e-02 2.597711235284805298e-02 -8.476272225379943848e-02 -9.415947645902633667e-02
-2.426290512084960938e-02 -6.406639516353607178e-02 3.854275867342948914e-02 2.641865797340869904e-02 3.784959018230438232e-02 -7.751790806651115417e-03 -6.522097438573837280e-02 1.370140258222818375e-02 -5.647885426878929138e-02 4.364726692438125610e-02
8.043622970581054688e-02 -8.894408494234085083e-02 -1.042325198650360107e-01 7.921715825796127319e-02 9.851095266640186310e-03 2.692103572189807892e-02 7.930842787027359009e-02 -9.169364720582962036e-02 -1.005193442106246948e-01 -1.063872724771499634e-01
-3.363437950611114502e-02 5.365822464227676392e-02 -2.808985300362110138e-03 -1.000957190990447998e-02 -5.932109896093606949e-03 -1.602259278297424316e-02 3.461451036855578423e-03 -9.669262170791625977e-02 7.065967470407485962e-02 -4.461788758635520935e-02
7.224504649639129639e-02 -1.038696393370628357e-01 3.439325466752052307e-02 -8.003658801317214966e-02 -4.440176859498023987e-02 -2.166998945176601410e-02 -5.558435991406440735e-02 5.164311453700065613e-02 3.953799977898597717e-02 6.361049599945545197e-04
6.124122813344001770e-02 -7.052668184041976929e-02 -4.486424848437309265e-02 -8.136423421092331409e-04 7.062833011150360107e-02 -3.730733180418610573e-03 9.286671993322670460e-04 -4.217204079031944275e-02 -6.724860053509473801e-03 -3.604936972260475159e-02
5.014193058013916016e-02 -7.856236398220062256e-02 -4.035868868231773376e-02 -1.041312888264656067e-02 4.064120352268218994e-03 -2.676966972649097443e-02 6.588972359895706177e-02 3.014069050550460815e-02 -2.552428981289267540e-03 -7.072585076093673706e-02
5.240417644381523132e-02 6.666944175958633423e-02 -7.699543237686157227e-02 2.054536156356334686e-02 -8.043713122606277466e-02 -8.869937062263488770e-02 -2.388613112270832062e-02 -8.881586045026779175e-02 1.501609291881322861e-02 3.319072723388671875e-02
2.279822155833244324e-02 -3.778925910592079163e-02 1.760583743453025818e-02 5.524444207549095154e-02 -1.005394756793975830e-01 1.700247265398502350e-02 -7.433708757162094116e-02 -3.892318904399871826e-02 -6.126654520630836487e-02 -4.178112745285034180e-02
-6.005340814590454102e-02 -9.036801010370254517e-02 -1.178760007023811340e-01 2.404724992811679840e-02 -2.485934644937515259e-03 5.014418065547943115e-02 -1.329352147877216339e-03 -2.360318303108215332e-01 1.399648338556289673e-01 2.187546789646148682e-01
-1.072858050465583801e-01 2.219820395112037659e-03 -1.366368029266595840e-02 -5.370449274778366089e-02 -4.396495595574378967e-02 3.129773959517478943e-02 -4.071088880300521851e-02 4.866109788417816162e-02 9.361903183162212372e-03 2.061575278639793396e-02
2.092769369482994080e-02 -3.411059081554412842e-02 -8.434128761291503906e-02 2.665261924266815186e-02 -4.280572757124900818e-03 -6.760303676128387451e-02 -1.554857008159160614e-02 -6.250213086605072021e-02 5.089725553989410400e-02 5.056175962090492249e-02
7.031924277544021606e-02 -9.486781060695648193e-02 6.946910917758941650e-02 -1.043274253606796265e-01 2.677325531840324402e-02 -7.554083317518234253e-02 2.535055577754974365e-02 -1.835167594254016876e-02 -7.102323323488235474e-02 -5.210861563682556152e-02
3.073951043188571930e-02 4.585875943303108215e-02 -5.217713862657546997e-02 -1.175735890865325928e-02 -8.977892808616161346e-03 -2.128064259886741638e-02 2.896652556955814362e-03 -6.324936449527740479e-02 -8.835885673761367798e-02 6.987283378839492798e-02
8.085001260042190552e-03 5.456742271780967712e-02 2.203334495425224304e-02 -5.932426080107688904e-02 4.266970232129096985e-02 -2.992551401257514954e-02 -4.335037246346473694e-02 -4.520056024193763733e-02 2.851409278810024261e-02 -1.052705198526382446e-01
-1.837389543652534485e-02 2.566179446876049042e-02 -7.738894969224929810e-02 2.532012015581130981e-02 -1.033244538120925426e-03 -3.698217123746871948e-02 2.564143016934394836e-02 4.414616897702217102e-02 4.700309410691261292e-02 -1.417975723743438721e-01
-5.281550809741020203e-02 -4.913610219955444336e-02 7.624258100986480713e-02 -9.434822946786880493e-02 5.445897579193115234e-02 -4.533501714468002319e-02 -6.319618970155715942e-02 5.772057175636291504e-02 -5.558426305651664734e-02 -2.145818620920181274e-02
-1.877671480178833008e-02 -2.215792192146182060e-03 -2.010140381753444672e-02 4.069957137107849121e-02 -1.204904839396476746e-01 -2.638218179345130920e-02 3.525017201900482178e-02 2.161496877670288086e-02 -3.056180290877819061e-02 2.611484937369823456e-02
1.310731768608093262e-01 1.393669545650482178e-01 1.384286135435104370e-01 9.081529453396797180e-03 -1.935020387172698975e-01 -4.943069070577621460e-02 5.915945395827293396e-02 1.052157301455736160e-02 -2.602059543132781982e-01 -3.445417284965515137e-01
5.888082832098007202e-02 -1.493774168193340302e-02 -1.621232554316520691e-02 3.403101116418838501e-02 -3.576927259564399719e-02 2.273964695632457733e-02 1.380201987922191620e-02 1.518597453832626343e-02 -1.165135875344276428e-01 -1.103579699993133545e-01
4.855401813983917236e-03 -5.362163484096527100e-02 -3.168779611587524414e-02 -4.807750135660171509e-02 4.870727658271789551e-02 -2.022778242826461792e-02 -8.689470589160919189e-03 -9.168560057878494263e-02 6.268024444580078125e-03 -2.727600187063217163e-02
