-4.110361263155937195e-02 -9.491653740406036377e-02 -4.279397428035736084e-02 1.378848403692245483e-02 4.500906169414520264e-02 -8.114781975746154785e-02 -4.784392192959785461e-02 -2.563880383968353271e-02 -8.223696053028106689e-02 -7.774123549461364746e-02
5.032312497496604919e-02 -4.684502631425857544e-02 -8.564242720603942871e-02 7.466172426939010620e-02 7.760953903198242188e-02 -2.281892113387584686e-02 9.698173962533473969e-03 -8.420245349407196045e-02 -9.378755837678909302e-02 -1.247773598879575729e-02
-4.518218338489532471e-03 4.898799210786819458e-02 -3.982301801443099976e-03 3.724259883165359497e-02 -1.003688853234052658e-02 -6.993234157562255859e-02 2.309556491672992706e-02 -5.512665491551160812e-03 -9.385373443365097046e-02 2.237386256456375122e-02
-7.046087831258773804e-02 -6.658007949590682983e-02 -7.158175110816955566e-03 7.177644968032836914e-02 -9.100893884897232056e-02 5.895592272281646729e-02 -6.244497001171112061e-02 -6.670542061328887939e-02 -8.750498294830322266e-03 8.305048942565917969e-02
-1.261079777032136917e-02 -5.536873266100883484e-02 -4.652406275272369385e-02 -8.390428870916366577e-02 7.085359841585159302e-02 6.542173027992248535e-02 -8.666649460792541504e-03 6.771566718816757202e-02 -3.856024518609046936e-02 1.363456598483026028e-03
2.709241583943367004e-02 -3.924103081226348877e-02 6.659331172704696655e-02 3.502153605222702026e-02 -1.095349788665771484e-01 5.361469089984893799e-02 -1.099234521389007568e-01 6.719093024730682373e-02 -5.289252474904060364e-02 -6.769795715808868408e-02
9.090006351470947266e-02 4.362830519676208496e-02 -4.503849521279335022e-02 -7.903441786766052246e-02 -2.378081530332565308e-02 8.102445304393768311e-02 -7.880657166242599487e-02 2.291311323642730713e-02 -9.193470329046249390e-02 -9.177738428115844727e-02
-6.780865136533975601e-03 -3.433308377861976624e-02 7.498747855424880981e-02 6.497735530138015747e-02 -7.988031953573226929e-02 5.581343919038772583e-02 -8.468624204397201538e-02 8.129042573273181915e-03 -7.156410813331604004e-02 -2.953089075163006783e-03
1.055666990578174591e-02 -6.756567209959030151e-02 8.151574432849884033e-02 -4.697865806519985199e-04 4.195438697934150696e-02 5.073547735810279846e-02 -3.649659082293510437e-02 -7.515271008014678955e-02 -8.121241629123687744e-02 4.106213152408599854e-02
-7.053912617266178131e-03 -9.071025252342224121e-02 -6.186884827911853790e-03 -1.731302961707115173e-02 3.722241893410682678e-02 -1.280323043465614319e-02 4.134983569383621216e-02 -1.007761880755424500e-01 2.922105975449085236e-02 3.657696023583412170e-02
-6.551278755068778992e-03 -4.529671743512153625e-02 -5.924827978014945984e-02 4.504738608375191689e-04 -7.831444591283798218e-02 -3.543329611420631409e-02 9.077753871679306030e-02 6.890700198709964752e-03 -1.644864678382873535e-02 7.537280768156051636e-02
-2.866181544959545135e-02 6.942032277584075928e-02 3.529142588376998901e-02 1.311848219484090805e-02 -7.475464791059494019e-02 -2.633272111415863037e-02 2.634375542402267456e-02 2.757364884018898010e-02 -1.571611501276493073e-02 -7.682943344116210938e-02
-4.250771179795265198e-02 5.517025291919708252e-02 -5.938129499554634094e-02 7.628902792930603027e-03 1.113123446702957153e-02 1.721605658531188965e-03 -8.682151138782501221e-02 -3.551394119858741760e-02 8.109776675701141357e-02 -8.432007580995559692e-02
-5.874623544514179230e-03 -9.402870782651007175e-04 -3.023221902549266815e-02 -1.165053471922874451e-01 4.925709590315818787e-02 5.497559905052185059e-02 2.233434468507766724e-02 4.043548181653022766e-02 4.370500519871711731e-02 -9.717886894941329956e-02
-1.812246441841125488e-02 -7.180234789848327637e-02 -4.341401159763336182e-03 2.433611452579498291e-02 -1.602911204099655151e-02 8.775949478149414062e-02 -2.420563250780105591e-02 -5.322374776005744934e-02 -4.186671972274780273e-02 -2.072826027870178223e-04
-6.426832824945449829e-02 1.301112771034240723e-02 9.520974010229110718e-02 -1.047610044479370117e-01 -1.031613275408744812e-01 7.362546026706695557e-02 -6.945447623729705811e-02 -5.101311951875686646e-02 6.222843006253242493e-02 8.657627739012241364e-03
-4.188778251409530640e-02 1.023578736931085587e-02 5.246451869606971741e-02 8.603922091424465179e-03 4.502265900373458862e-02 -4.959227144718170166e-02 6.371279805898666382e-02 -1.204865425825119019e-02 -7.559624314308166504e-02 -4.833678156137466431e-02
-5.017933249473571777e-02 -2.818822860717773438e-02 3.837643191218376160e-02 -1.128979921340942383e-01 -2.087073866277933121e-03 -7.510162889957427979e-02 6.451573222875595093e-02 4.793737083673477173e-02 -1.478073187172412872e-03 1.212716381996870041e-02
-7.576240599155426025e-02 -5.065784975886344910e-02 2.494556456804275513e-02 -7.095904648303985596e-02 2.856055647134780884e-02 -2.782779932022094727e-02 -7.377453148365020752e-02 -8.008383214473724365e-02 7.157550752162933350e-02 -9.657137095928192139e-03
-8.863417059183120728e-02 1.869400031864643097e-03 -8.862996473908424377e-04 5.101718381047248840e-02 3.793660551309585571e-02 7.071901112794876099e-02 -9.882899373769760132e-02 -4.910181462764739990e-02 -5.909929051995277405e-03 -1.801382377743721008e-02
8.726669475436210632e-03 -3.314405679702758789e-02 -1.049900203943252563e-01 -6.668749265372753143e-03 -2.586546540260314941e-02 -6.260321289300918579e-02 -1.009393930435180664e-01 3.483162075281143188e-02 4.746938496828079224e-02 4.760937765240669250e-02
-2.197287976741790771e-03 -2.494716644287109375e-02 -8.354540169239044189e-02 8.784705400466918945e-02 -1.398834586143493652e-02 -4.730413109064102173e-02 -1.539345085620880127e-02 2.421108633279800415e-02 -2.983666956424713135e-03 -5.902140960097312927e-02
-5.007694289088249207e-02 -9.251944720745086670e-03 6.338709592819213867e-02 -2.307419478893280029e-02 5.469654500484466553e-02 -4.191718250513076782e-02 -4.901744425296783447e-03 1.142233610153198242e-02 -3.662822768092155457e-02 -6.030442565679550171e-02
3.062378615140914917e-02 -1.128625944256782532e-01 -5.292242392897605896e-02 -3.677083924412727356e-02 -6.491761188954114914e-03 8.428232744336128235e-03 1.770552806556224823e-02 3.959179297089576721e-02 -4.044459387660026550e-02 6.903201341629028320e-02
8.720207028090953827e-03 7.454415410757064819e-02 -4.858551919460296631e-02 3.124368004500865936e-02 -4.983998835086822510e-02 -8.975652977824211121e-03 -9.099067747592926025e-02 2.626056410372257233e-02 -1.253531780093908310e-02 1.716355048120021820e-02
-6.061905249953269958e-02 -2.581244334578514099e-04 -2.630407735705375671e-02 4.214101284742355347e-02 4.148261994123458862e-02 -2.044523134827613831e-02 -4.013679921627044678e-03 -1.885466277599334717e-03 3.594473004341125488e-03 -3.411893546581268311e-02
6.521869450807571411e-02 4.096523672342300415e-02 -6.587103754281997681e-02 5.353415850549936295e-03 -9.258559346199035645e-02 -3.243340551853179932e-02 2.209282107651233673e-02 -8.513230085372924805e-02 -2.155095525085926056e-02 3.186660632491111755e-02
-5.382749438285827637e-02 -1.422439515590667725e-02 -1.019406318664550781e-02 7.789009809494018555e-02 -9.040111303329467773e-02 -2.087381482124328613e-02 -4.427368938922882080e-02 -5.435141175985336304e-02 -3.874479234218597412e-02 -7.708251476287841797e-03
-6.833322346210479736e-02 6.289627403020858765e-02 4.592662304639816284e-02 -2.586731687188148499e-02 -2.610445395112037659e-02 -4.506779462099075317e-02 6.864813715219497681e-02 -1.596160978078842163e-02 -1.097684353590011597e-01 7.228020578622817993e-02
-8.156040310859680176e-02 7.667677011340856552e-03 4.172467440366744995e-02 -9.717404842376708984e-02 5.470540001988410950e-02 5.865319073200225830e-02 4.764937236905097961e-02 4.354754835367202759e-02 -8.313491195440292358e-02 -9.712436795234680176e-02
3.748940303921699524e-02 -5.677178502082824707e-02 1.707481406629085541e-02 3.210936859250068665e-02 -5.673487856984138489e-02 -5.800408869981765747e-02 -1.026114299893379211e-01 2.980893477797508240e-03 7.719788700342178345e-02 -2.901998907327651978e-02
1.144553255289793015e-02 4.321752116084098816e-02 -3.003359073773026466e-03 5.382569506764411926e-02 -1.080659404397010803e-01 -3.719528764486312866e-02 -8.028426021337509155e-02 2.481341361999511719e-02 2.254229784011840820e-02 4.140448570251464844e-02
1.333246566355228424e-02 7.892243564128875732e-02 1.008595228195190430e-01 9.285982698202133179e-02 -2.687092497944831848e-02 -1.360396738164126873e-03 -2.942043356597423553e-02 -2.415579743683338165e-02 -4.863078147172927856e-02 -4.044121876358985901e-02
-1.406067889183759689e-02 -2.136767655611038208e-02 6.200928986072540283e-02 5.565362051129341125e-02 5.971085280179977417e-02 -8.958568423986434937e-02 -9.603508561849594116e-02 3.568498045206069946e-02 2.305532572790980339e-03 7.618433237075805664e-02
4.334017261862754822e-02 -8.755942434072494507e-02 4.666660726070404053e-02 8.204665780067443848e-02 -1.008724793791770935e-01 2.354963310062885284e-02 -5.086210370063781738e-02 -3.377658315002918243e-03 4.850661382079124451e-03 -1.619333773851394653e-02
-4.668863490223884583e-02 -5.566045269370079041e-02 2.509669959545135498e-02 -2.729503810405731201e-02 -3.692271560430526733e-02 -2.624377608299255371e-03 -5.041543021798133850e-02 -7.261908054351806641e-02 7.361766695976257324e-02 1.157253235578536987e-02
2.342195063829421997e-02 -1.027501225471496582e-01 2.918750513345003128e-03 5.085565894842147827e-02 8.301309496164321899e-02 -1.025268808007240295e-01 7.932704687118530273e-02 -4.534896463155746460e-02 -6.100514903664588928e-02 1.688399701379239559e-03
-1.414269208908081055e-02 1.613400131464004517e-02 -8.723806589841842651e-02 -8.510112017393112183e-02 -6.550548970699310303e-02 9.148174524307250977e-02 8.866563439369201660e-03 -8.249458670616149902e-02 -8.469851315021514893e-02 -5.000416934490203857e-02
-1.495772972702980042e-03 3.635949641466140747e-02 -6.989199668169021606e-02 -1.204207167029380798e-02 4.624827951192855835e-02 2.068800292909145355e-02 -3.194181248545646667e-02 -2.987307496368885040e-02 -2.214776165783405304e-02 -7.707307487726211548e-02
-7.129201292991638184e-02 -4.408033192157745361e-02 6.852862983942031860e-02 8.612705767154693604e-02 2.993633784353733063e-02 -7.717829942703247070e-02 -1.949592493474483490e-02 6.759453099220991135e-03 -2.053297357633709908e-03 7.428134977817535400e-02
4.703697934746742249e-02 4.241276159882545471e-02 -6.175268813967704773e-02 -2.210738696157932281e-02 2.396397106349468231e-02 1.475843694061040878e-02 -6.873286515474319458e-02 -1.012324616312980652e-01 3.842116892337799072e-02 4.197729006409645081e-02
4.008701443672180176e-02 -5.450348928570747375e-02 -4.300676286220550537e-03 -8.851659297943115234e-02 -8.532516658306121826e-03 -7.994259893894195557e-02 3.101339936256408691e-02 -8.101265132427215576e-02 2.516627311706542969e-03 1.333504915237426758e-03
6.857569515705108643e-02 1.029855832457542419e-01 -7.819015532732009888e-02 1.301659084856510162e-02 7.619594037532806396e-02 -6.915438175201416016e-02 2.082245424389839172e-02 -7.391275465488433838e-02 -7.552526891231536865e-02 2.648698166012763977e-02
-5.087834969162940979e-02 5.306005477905273438e-02 4.298321902751922607e-02 4.302250966429710388e-02 -2.436868660151958466e-02 -1.301308069378137589e-02 -5.101962480694055557e-03 -9.715686738491058350e-02 8.395367860794067383e-02 3.379435092210769653e-02
-6.707052886486053467e-02 8.436978608369827271e-02 6.716167554259300232e-03 -6.620679050683975220e-04 4.837728291749954224e-02 -8.979535102844238281e-02 -8.768343925476074219e-02 -3.290183842182159424e-02 -1.038146167993545532e-01 1.300922688096761703e-02
7.304400205612182617e-02 -1.670164614915847778e-02 -6.563539803028106689e-02 -6.491733342409133911e-02 7.544767856597900391e-02 2.332468144595623016e-02 -7.631296664476394653e-02 -7.070048898458480835e-02 -1.793345250189304352e-02 7.426040247082710266e-04
-9.422667324542999268e-03 -8.233247697353363037e-02 3.088693320751190186e-02 7.034057378768920898e-02 -7.389894127845764160e-02 -7.806531339883804321e-02 -4.177333042025566101e-02 -3.696335107088088989e-02 -2.706947922706604004e-02 5.152213573455810547e-02
-4.919096454977989197e-02 -7.665995508432388306e-02 -1.726947724819183350e-03 -4.667386412620544434e-03 -2.078190445899963379e-03 -9.216033667325973511e-02 -4.795236140489578247e-02 -1.885641366243362427e-02 -2.713687717914581299e-03 -7.939465343952178955e-03
3.327630460262298584e-03 8.368588984012603760e-02 -1.805608719587326050e-02 4.348047077655792236e-03 2.127766609191894531e-03 -8.964247256517410278e-02 -3.906635195016860962e-02 -1.135833561420440674e-02 -5.394296720623970032e-02 -7.237572968006134033e-02
4.250170662999153137e-02 -1.160123967565596104e-03 3.404346853494644165e-02 1.463775523006916046e-02 -3.622548282146453857e-02 -6.560371071100234985e-02 -6.724651902914047241e-02 9.876049309968948364e-02 1.224564015865325928e-01 2.384055033326148987e-02
-7.916352152824401855e-02 3.359773755073547363e-02 6.857931613922119141e-02 2.774304151535034180e-02 -2.594598382711410522e-02 -3.165698796510696411e-02 -8.542077988386154175e-02 -9.040026366710662842e-02 -9.378731250762939453e-02 -2.102027833461761475e-02
-5.637000501155853271e-02 -2.440202981233596802e-02 -7.305537909269332886e-02 -3.026316687464714050e-02 -2.028462849557399750e-02 5.288574099540710449e-02 -1.857561431825160980e-02 8.006419241428375244e-02 2.873245254158973694e-02 6.286838650703430176e-02
-6.053461506962776184e-02 -8.191110938787460327e-02 -7.223026454448699951e-02 2.240103483200073242e-02 -4.107191041111946106e-02 -6.517302244901657104e-02 -9.188085049390792847e-02 8.550329506397247314e-02 3.229708969593048096e-02 -3.927173092961311340e-02
3.683931753039360046e-02 -1.478950260207056999e-03 6.351961940526962280e-02 -6.257300078868865967e-02 6.277282373048365116e-04 -5.611679330468177795e-02 1.524971518665552139e-02 -7.461056113243103027e-02 5.197097733616828918e-02 8.218078315258026123e-02
6.279730051755905151e-02 3.672192618250846863e-02 1.129903830587863922e-02 -8.163279294967651367e-02 4.009612277150154114e-02 -1.326222321949899197e-03 -8.741858601570129395e-02 -9.759590029716491699e-02 3.026931174099445343e-02 -4.247999284416437149e-03
5.646113306283950806e-02 7.329729199409484863e-02 4.546685516834259033e-02 6.472656130790710449e-02 -4.901599511504173279e-02 -9.463080763816833496e-02 2.741025015711784363e-02 -7.115542143583297729e-02 -4.552989453077316284e-02 -5.332368612289428711e-02
-4.599444940686225891e-02 -1.223748177289962769e-02 -8.302262425422668457e-02 -2.365899831056594849e-02 -7.801246643066406250e-02 -4.113025218248367310e-02 -7.264380156993865967e-02 -7.541798800230026245e-02 -3.333613276481628418e-04 2.558552473783493042e-02
-7.144187390804290771e-02 -7.144803553819656372e-02 8.075311779975891113e-02 -7.826603949069976807e-03 -7.145967334508895874e-02 -8.130761981010437012e-02 -7.180370390415191650e-02 4.496514797210693359e-02 3.316047787666320801e-02 -5.679168924689292908e-02
4.877531901001930237e-02 -4.089625552296638489e-02 3.414697945117950439e-02 5.164135619997978210e-02 2.064646221697330475e-02 -5.759058147668838501e-02 5.826798826456069946e-02 -1.132071539759635925e-01 1.382355857640504837e-02 -9.803898632526397705e-03
7.031402736902236938e-02 5.793016776442527771e-02 -7.619669288396835327e-02 -1.097150295972824097e-01 5.256179347634315491e-02 -3.099175356328487396e-02 -3.711717575788497925e-02 5.582903325557708740e-02 -2.267565950751304626e-02 -3.770840167999267578e-02
4.004315286874771118e-02 6.242706626653671265e-02 -4.231699928641319275e-02 -5.651706457138061523e-02 2.052924782037734985e-02 -1.727386377751827240e-03 9.117501229047775269e-02 -4.279870539903640747e-03 -9.642686694860458374e-02 -9.458099305629730225e-02
5.103013664484024048e-02 -7.237013429403305054e-02 -3.544599562883377075e-02 -6.790348142385482788e-02 -8.845229446887969971e-02 7.114196568727493286e-02 5.678784102201461792e-02 3.290922194719314575e-02 -2.286663837730884552e-02 -8.214246481657028198e-02
-1.014732494950294495e-01 7.201396673917770386e-02 5.546533688902854919e-02 -3.007543087005615234e-02 -8.004942536354064941e-02 5.431801080703735352e-03 -1.006093062460422516e-02 3.320008888840675354e-02 -7.334734499454498291e-02 5.560795217752456665e-02
-3.330352902412414551e-02 -6.787308305501937866e-02 -8.592465519905090332e-02 -5.113336816430091858e-02 2.550427615642547607e-02 3.696736693382263184e-02 1.367180049419403076e-02 4.870443046092987061e-02 -6.166126951575279236e-02 -2.680996805429458618e-02
