-5.745602771639823914e-03 -1.070166006684303284e-01 -4.893783107399940491e-02 -3.396861255168914795e-02 3.965735808014869690e-02 4.321762919425964355e-02 -8.520263433456420898e-02 -5.332299321889877319e-02 -1.754182390868663788e-02 -1.053527090698480606e-02
-4.185454919934272766e-02 5.122467130422592163e-02 -1.083925142884254456e-01 2.859918773174285889e-02 -5.404470022767782211e-03 -7.213243097066879272e-02 -8.337438851594924927e-02 -7.285184413194656372e-02 -7.733245193958282471e-02 3.000049106776714325e-02
-5.840428546071052551e-02 -5.095897987484931946e-02 -6.735924631357192993e-02 -3.320095688104629517e-02 4.922582209110260010e-02 -7.921002805233001709e-03 -4.338725283741950989e-02 -1.832090318202972412e-02 -8.433090895414352417e-02 -9.387818723917007446e-02
-1.401494741439819336e-01 5.124137923121452332e-02 -3.266855180263519287e-01 -1.953844875097274780e-01 -4.121831059455871582e-01 -2.860196232795715332e-01 6.151794642210006714e-02 2.598377168178558350e-01 3.675992190837860107e-01 -1.369225885719060898e-02
-5.455594509840011597e-02 -9.877124428749084473e-02 -1.029069051146507263e-01 -6.458177417516708374e-02 2.129269950091838837e-02 1.848861016333103180e-02 -1.055320445448160172e-02 -9.658934921026229858e-02 1.954419538378715515e-02 5.821871571242809296e-03
1.634920760989189148e-02 -1.168479174375534058e-01 -8.639732748270034790e-02 -1.527983881533145905e-02 -1.299413144588470459e-01 -1.500448137521743774e-01 4.819878935813903809e-02 6.491493899375200272e-03 3.954124450683593750e-02 -1.069221720099449158e-01
-5.453146528452634811e-03 -1.273433212190866470e-02 -7.257840782403945923e-02 -6.534893065690994263e-02 -1.744180917739868164e-01 -2.021037191152572632e-01 -1.324121206998825073e-01 5.883718654513359070e-02 5.603118240833282471e-02 -1.426474452018737793e-01
3.651816397905349731e-02 -9.072215110063552856e-02 -4.222800955176353455e-02 -9.752939455211162567e-03 -1.066418886184692383e-01 -1.116917701438069344e-03 -6.417079269886016846e-02 -1.094047874212265015e-01 -2.641368471086025238e-02 1.465262193232774734e-02
-7.058502733707427979e-02 -8.142460137605667114e-02 -2.192187868058681488e-02 -7.350236177444458008e-02 -1.728514023125171661e-02 -6.117945164442062378e-02 -8.640880882740020752e-02 4.416667390614748001e-03 3.196141868829727173e-02 -7.860786467790603638e-02
-1.510892659425735474e-01 -4.906654730439186096e-02 6.198327615857124329e-02 1.264875568449497223e-02 7.784479856491088867e-02 7.165060192346572876e-02 -6.166683882474899292e-02 -1.164902970194816589e-01 -1.343630701303482056e-01 -3.357638046145439148e-02
-9.146759659051895142e-02 7.418258488178253174e-02 -4.792819544672966003e-02 8.885712921619415283e-02 -3.543917462229728699e-02 -6.854508817195892334e-02 -4.675355181097984314e-02 -8.726825565099716187e-02 -3.640768676996231079e-02 1.684339344501495361e-02
-9.579344838857650757e-02 4.009109362959861755e-02 -2.153468690812587738e-02 -4.973916709423065186e-02 -3.318732231855392456e-02 -8.710229396820068359e-02 -1.333106905221939087e-01 5.810889974236488342e-02 -5.588662996888160706e-02 -6.943266838788986206e-02
-1.650022566318511963e-01 -1.495077610015869141e-01 -1.197828277945518494e-01 4.731568321585655212e-02 4.361004382371902466e-02 -5.567242205142974854e-02 6.633855402469635010e-02 -7.016444951295852661e-02 -4.471451393328607082e-04 -3.106722980737686157e-02
-1.768201403319835663e-02 -3.394661843776702881e-02 1.363433059304952621e-02 -9.299172461032867432e-02 -8.160744793713092804e-03 -1.052467674016952515e-01 -1.677433401346206665e-02 -2.300930954515933990e-02 -1.251381039619445801e-01 7.610549032688140869e-02
-2.090749517083168030e-02 -5.948483012616634369e-03 -3.669416159391403198e-02 -1.850087642669677734e-01 -1.272448599338531494e-01 3.498811647295951843e-02 -1.659679599106311798e-02 -1.487413886934518814e-02 -1.542423516511917114e-01 -1.096310988068580627e-01
-2.074978649616241455e-01 -2.727730274200439453e-01 -1.507206708192825317e-01 -2.323122620582580566e-01 -1.539516150951385498e-01 -1.732604652643203735e-01 -7.901525497436523438e-02 5.097942892462015152e-03 -6.206302717328071594e-02 1.236766353249549866e-01
-1.026088669896125793e-01 -1.127356439828872681e-01 -7.380997389554977417e-02 1.996643468737602234e-02 -3.150244057178497314e-02 -6.209433823823928833e-02 -8.383867889642715454e-02 -1.898734085261821747e-02 8.064771071076393127e-03 5.803599487990140915e-03
-2.211562171578407288e-02 -9.444452077150344849e-02 -6.612943857908248901e-02 -1.445636153221130371e-01 -1.501919776201248169e-01 9.265362285077571869e-03 3.329550474882125854e-02 -6.524138152599334717e-02 -4.244652017951011658e-02 -1.159153413027524948e-02
-7.717679720371961594e-03 -2.277391962707042694e-02 -8.760087937116622925e-02 -9.585681557655334473e-02 -1.728329993784427643e-02 -8.334961533546447754e-02 8.734308183193206787e-03 -9.974655508995056152e-02 -1.691149361431598663e-02 -2.857308834791183472e-02
-8.308424055576324463e-02 7.678252458572387695e-02 -8.802098035812377930e-02 -7.366752624511718750e-02 7.066509127616882324e-02 1.408327557146549225e-02 -6.958090513944625854e-02 -3.381910920143127441e-02 -8.116387762129306793e-03 -1.050200406461954117e-02
6.355616264045238495e-03 -4.569741431623697281e-03 -3.202466294169425964e-02 -7.441043108701705933e-02 5.443335697054862976e-02 -4.581842944025993347e-02 -4.199910536408424377e-02 1.920821890234947205e-02 -4.213335737586021423e-02 -2.172257751226425171e-02
-8.825644850730895996e-02 -8.717484772205352783e-03 5.528751015663146973e-02 -2.791546285152435303e-03 -4.579230025410652161e-02 -8.460769057273864746e-02 -3.831579908728599548e-02 8.647814393043518066e-02 -6.811550259590148926e-02 -9.289199113845825195e-02
2.208591252565383911e-02 -8.196067065000534058e-02 -6.542646139860153198e-02 -1.684240298345685005e-03 -9.607391804456710815e-02 2.338917739689350128e-02 -2.360693365335464478e-02 -1.050450801849365234e-01 -7.605411112308502197e-02 4.013706371188163757e-02
-3.549571707844734192e-02 -6.772767752408981323e-02 -1.093029305338859558e-01 5.295509845018386841e-02 1.017321087419986725e-02 -6.207840051501989365e-03 -2.715113386511802673e-02 -1.062449440360069275e-02 -9.787182509899139404e-02 -6.772609800100326538e-02
-7.372748106718063354e-02 -1.852575503289699554e-02 -1.943748816847801208e-02 1.134736556559801102e-02 -9.788548201322555542e-02 -3.725760802626609802e-02 -8.737536147236824036e-03 -7.334499806165695190e-02 -4.461732879281044006e-02 2.176125533878803253e-02
-6.242506206035614014e-03 6.711231544613838196e-03 -9.583711624145507812e-02 -9.413887560367584229e-02 3.901318833231925964e-02 -1.647392846643924713e-02 -8.433090895414352417e-02 1.929683610796928406e-02 -2.552553825080394745e-02 -6.466104183346033096e-03
-3.133130073547363281e-02 4.292359948158264160e-02 -7.611654698848724365e-03 -8.213233947753906250e-02 -5.178398266434669495e-02 -1.868896186351776123e-03 2.080953866243362427e-02 -5.220557749271392822e-02 -5.198390781879425049e-02 -8.651404082775115967e-02
2.456216514110565186e-02 -1.425422579050064087e-01 -8.179840445518493652e-02 1.717175543308258057e-02 3.587563335895538330e-02 -1.161830276250839233e-01 -7.684490084648132324e-02 -2.202413529157638550e-01 -1.332945972681045532e-01 -2.113118469715118408e-01
2.401445806026458740e-01 2.661861479282379150e-01 -4.234163090586662292e-02 -2.553012669086456299e-01 -7.382010817527770996e-01 -3.989538252353668213e-01 -6.968317627906799316e-01 -1.284707784652709961e+00 -1.233157753944396973e+00 -1.042903304100036621e+00
-7.679694145917892456e-02 2.441372908651828766e-02 -3.838297724723815918e-02 1.239812932908535004e-03 -4.525554180145263672e-02 -2.038620598614215851e-02 -7.097765803337097168e-02 6.671176292002201080e-03 -1.032582074403762817e-01 -7.153420150279998779e-02
-4.527945443987846375e-02 -8.699049800634384155e-02 -2.130464091897010803e-02 -8.008290827274322510e-02 -8.301040506921708584e-04 -4.940936714410781860e-02 4.101823549717664719e-03 -4.545400291681289673e-02 -4.370782896876335144e-02 8.577371016144752502e-03
-1.240181699395179749e-01 -1.141909211874008179e-01 -9.707019478082656860e-02 7.503254711627960205e-02 2.852096594870090485e-02 -7.772980630397796631e-02 -9.506829828023910522e-02 -4.998025670647621155e-02 3.853980824351310730e-02 -5.887425318360328674e-02
2.118467539548873901e-02 -4.924762621521949768e-02 -7.156528532505035400e-02 -3.115369006991386414e-02 -4.904406145215034485e-02 -4.544783383607864380e-02 -8.730335533618927002e-02 -5.126244574785232544e-02 1.953808590769767761e-02 -5.225035175681114197e-02
-6.468017399311065674e-02 -8.876617252826690674e-02 -3.880587965250015259e-02 4.049390554428100586e-02 -8.439662307500839233e-02 9.468075819313526154e-03 -8.781280368566513062e-02 -6.560105830430984497e-02 -1.822453225031495094e-03 3.871495276689529419e-02
-2.844439586624503136e-03 2.350316196680068970e-02 -1.057993248105049133e-01 -1.427906751632690430e-01 -1.108224987983703613e-01 -8.019662648439407349e-02 -9.886621683835983276e-02 -1.468157023191452026e-01 -5.086512491106987000e-02 -1.681032180786132812e-01
2.874409221112728119e-02 -1.569184362888336182e-01 -1.167511716485023499e-01 -2.763067930936813354e-02 -5.437086522579193115e-02 -4.649158194661140442e-02 -1.856266111135482788e-01 -1.882659345865249634e-01 -9.815408848226070404e-04 -6.839512288570404053e-02
-2.547067776322364807e-02 -7.591686677187681198e-03 -9.491116553544998169e-02 3.443823661655187607e-03 4.740871489048004150e-02 -7.679930329322814941e-02 -2.983810938894748688e-02 -9.644876420497894287e-02 -8.914880454540252686e-02 5.990032572299242020e-03
-6.519716233015060425e-02 -1.139318719506263733e-01 8.031544275581836700e-03 5.447663366794586182e-02 -3.263926133513450623e-02 2.710177190601825714e-02 -1.298086997121572495e-02 -6.148834899067878723e-02 5.476517602801322937e-03 -8.320560306310653687e-02
-5.575228482484817505e-02 -5.473907291889190674e-02 -6.771415472030639648e-02 -5.443625524640083313e-02 -4.504962638020515442e-02 -1.769455708563327789e-02 -1.164581533521413803e-02 4.247208684682846069e-02 -7.814184576272964478e-02 1.224419940263032913e-02
-1.119234487414360046e-01 7.621307391673326492e-03 -1.237565204501152039e-01 -3.731301054358482361e-02 -1.609823554754257202e-01 -2.757085859775543213e-01 -1.927673369646072388e-01 4.271604120731353760e-02 9.166014194488525391e-02 3.418797254562377930e-02
-5.890049412846565247e-02 -8.468160778284072876e-02 -1.382939238101243973e-02 -9.754383005201816559e-03 -3.840634599328041077e-02 -4.142918158322572708e-03 -7.404119521379470825e-02 -5.573519691824913025e-02 6.971915811300277710e-02 -1.096259132027626038e-01
-3.780939802527427673e-02 -1.683092489838600159e-02 2.724889293313026428e-02 -6.645139306783676147e-02 -2.360637672245502472e-02 3.050125576555728912e-02 -1.171202659606933594e-01 -8.235710114240646362e-02 -1.492354180663824081e-02 1.571817905642092228e-03
-4.559386149048805237e-02 -1.751610636711120605e-02 -7.622420042753219604e-02 -6.748541444540023804e-02 -3.395783156156539917e-02 -4.522575438022613525e-02 -1.567057520151138306e-02 -1.438194513320922852e-02 -2.595899254083633423e-02 2.409331500530242920e-03
2.248061075806617737e-02 -4.468902572989463806e-02 -3.249502182006835938e-02 -1.532648056745529175e-01 -1.828169263899326324e-02 -5.488868057727813721e-02 -5.690030381083488464e-02 -2.229745872318744659e-02 -1.109221428632736206e-01 1.258642133325338364e-02
-2.045556902885437012e-04 -9.205404669046401978e-02 -1.177117973566055298e-02 6.933696568012237549e-02 2.511122077703475952e-02 -4.805539548397064209e-02 -9.119012951850891113e-02 -7.797709852457046509e-02 -8.192361891269683838e-02 -7.067631185054779053e-02
-4.329030215740203857e-02 4.332798346877098083e-02 1.042096875607967377e-02 -9.885457158088684082e-02 -4.055128246545791626e-02 2.884261496365070343e-02 -4.059480130672454834e-02 5.349889025092124939e-02 1.228456152603030205e-03 -8.371303230524063110e-02
-8.859905600547790527e-02 -5.122637748718261719e-02 -1.004341840744018555e-01 -1.098825260996818542e-01 -1.912256330251693726e-02 3.420398384332656860e-02 5.415953695774078369e-02 1.138656139373779297e-01 1.962171047925949097e-01 6.937697529792785645e-03
-8.865868300199508667e-02 -3.982611745595932007e-02 -9.269925951957702637e-02 7.695853710174560547e-02 -5.659363791346549988e-02 -9.495678544044494629e-02 8.915637433528900146e-02 -7.254862785339355469e-02 -8.323334157466888428e-03 1.230047643184661865e-02
-1.107369288802146912e-01 -6.146857887506484985e-02 -5.313282832503318787e-03 -7.252393756061792374e-03 -4.534995555877685547e-02 4.699755832552909851e-02 -4.538590461015701294e-02 4.584136232733726501e-02 -3.730263561010360718e-02 -8.587054908275604248e-02
-1.742058396339416504e-01 -1.697804331779479980e-01 -1.225920394062995911e-01 -1.308088451623916626e-01 -1.273775249719619751e-01 5.807051062583923340e-02 2.519732341170310974e-02 -1.901351474225521088e-02 -8.250792324542999268e-02 -9.406083822250366211e-02
4.487282596528530121e-03 -1.043780893087387085e-01 -1.030820161104202271e-01 -1.919176429510116577e-01 -1.997078806161880493e-01 -1.445048302412033081e-01 -2.063801437616348267e-01 9.168888628482818604e-02 1.121480017900466919e-01 -1.290302071720361710e-02
-9.843505918979644775e-02 -8.760039508342742920e-02 -5.447644367814064026e-02 -1.170911639928817749e-01 3.406480327248573303e-02 6.756881624460220337e-02 -9.115598164498806000e-03 -1.537348143756389618e-02 -1.236538738012313843e-01 -1.389098167419433594e-02
4.162228703498840332e-01 2.823328077793121338e-01 -3.025370538234710693e-01 -5.517060160636901855e-01 -9.856454730033874512e-01 -1.122576594352722168e+00 -6.918437480926513672e-01 -1.894318759441375732e-01 -3.114486932754516602e-01 -1.812164932489395142e-01
-1.188970729708671570e-01 -2.297949790954589844e-01 -4.510305225849151611e-01 -3.132265508174896240e-01 -2.795483171939849854e-01 -5.283331274986267090e-01 -6.498286128044128418e-01 -9.865498542785644531e-02 4.134647548198699951e-01 4.382727444171905518e-01
-5.131941288709640503e-02 3.566802293062210083e-02 -4.980883747339248657e-02 -8.338250964879989624e-02 2.090589515864849091e-02 -1.009413413703441620e-02 -2.501541189849376678e-02 -8.883054554462432861e-02 -6.329775601625442505e-02 3.471068292856216431e-02
-9.814909100532531738e-02 3.458642959594726562e-02 -3.832691349089145660e-03 4.596300641424022615e-05 5.115530802868306637e-05 -1.100913733243942261e-01 5.041066184639930725e-02 -5.883453786373138428e-02 -1.466865092515945435e-01 5.283202975988388062e-02
-7.205620408058166504e-02 -2.014004141092300415e-01 -1.929496675729751587e-01 -1.998427510261535645e-01 -6.743123382329940796e-02 5.882345512509346008e-02 5.378043279051780701e-02 -2.207503467798233032e-02 -2.549442090094089508e-02 -7.759695407003164291e-03
-8.604174852371215820e-02 -3.425765782594680786e-02 3.714135289192199707e-02 -9.177392721176147461e-02 9.052726626396179199e-02 -5.347429960966110229e-02 -6.517747044563293457e-02 6.046630442142486572e-02 -7.347869873046875000e-02 -4.537608847022056580e-02
-1.136675029993057251e-01 3.369798650965094566e-03 -4.116132855415344238e-02 -1.062063127756118774e-01 -4.207956045866012573e-02 -1.820249482989311218e-02 -1.019666641950607300e-01 7.368803024291992188e-02 3.067639283835887909e-02 -7.509234547615051270e-02
-9.155145287513732910e-02 -6.580664217472076416e-02 1.456144079566001892e-02 -7.116493582725524902e-02 7.323683053255081177e-02 -5.771930888295173645e-02 6.103029847145080566e-02 -3.556601330637931824e-02 -7.318858057260513306e-02 -1.422205753624439240e-02
7.508480921387672424e-03 -2.017898671329021454e-02 -8.439879864454269409e-02 -2.973303012549877167e-02 -1.305751353502273560e-01 -4.592590406537055969e-02 -1.140669882297515869e-01 1.302533596754074097e-02 -8.447969704866409302e-02 -7.241507619619369507e-02
-6.595197599381208420e-03 -7.475920952856540680e-03 1.458403374999761581e-02 -2.566564595326781273e-03 -5.354766920208930969e-02 -1.325580030679702759e-01 -2.283124066889286041e-02 -1.841790415346622467e-02 -1.294354647397994995e-01 -9.954898618161678314e-03
2.837226912379264832e-02 -1.381575018167495728e-01 9.847670793533325195e-03 -1.394807398319244385e-01 -1.548981573432683945e-02 1.118442509323358536e-02 -1.218868643045425415e-01 -6.362339854240417480e-02 4.961774498224258423e-02 -2.398497890681028366e-03
6.091037392616271973e-02 -5.701861530542373657e-02 -1.795035004615783691e-01 -1.340805888175964355e-01 -5.037879943847656250e-02 -7.919702678918838501e-02 -1.011682823300361633e-01 -1.643585264682769775e-01 -1.787396967411041260e-01 -5.103756114840507507e-02
